0.11,2,753.074,5,1,1,9,1,0,0,0.0538
0.14,1,326.236,4,1,1,9,1,0,0,0.0856
0.21,6,326.236,4,1,1,9,1,0,0,0.0576
0.21,7,753.074,5,1,1,9,1,0,1,0.0538
0.31,17,1522.67,2,1,0,2,1,0,0,0.0055
0.31,14,753.074,5,1,1,9,1,0,1,0.0538
0.34,13,326.236,4,1,1,9,1,0,0,0.0916
0.41,22,753.074,5,1,1,9,1,0,1,0.0538
0.42,21,326.236,4,1,1,9,1,0,0,0.0646
0.43,25,1522.67,2,1,1,9,1,0,0,0.0245
0.51,29,326.236,4,1,1,9,1,0,0,0.0576
0.51,30,753.074,5,1,1,9,1,0,1,0.0538
0.53,33,1522.67,2,1,0,0,1,0,0,0.0256
0.59,37,326.236,4,1,1,9,1,0,0,0.0326
0.61,38,753.074,5,1,1,9,1,0,1,0.0538
0.66,41,1522.67,2,1,0,0,1,0,0,0.0626
0.67,45,326.236,4,1,1,9,1,0,0,0.0216
0.71,46,753.074,5,1,1,9,1,0,1,0.0538
0.77,53,326.236,4,1,1,9,1,0,0,0.0196
0.8,49,1522.67,2,1,1,9,1,0,0,0.0965
0.81,54,753.074,5,1,1,9,1,0,1,0.0538
0.88,57,1522.67,2,1,0,2,1,0,0,0.0815
0.91,63,421.58,3,1,1,9,1,0,0,0.0462
0.92,66,1522.67,2,1,1,9,1,0,0,0.0145
0.92,61,326.236,4,1,1,9,1,0,0,0.0706
0.94,62,753.074,5,1,1,9,1,0,0,0.0868
1.01,72,421.58,3,1,1,9,1,0,1,0.0462
1.03,70,326.236,4,1,1,9,1,0,0,0.0736
1.04,75,1522.67,2,1,0,2,1,0,0,0.0435
1.04,71,753.074,5,1,1,9,1,0,1,0.0868
1.08,79,326.236,4,1,1,9,1,0,0,0.0296
1.11,81,421.58,3,1,1,9,1,0,1,0.0462
1.14,80,753.074,5,1,1,9,1,0,1,0.0868
1.17,84,1522.67,2,1,1,9,1,0,0,0.0705
1.21,90,421.58,3,1,1,9,1,0,1,0.0462
1.22,88,326.236,4,1,1,9,1,0,0,0.0626
1.24,89,753.074,5,1,1,9,1,0,1,0.0868
1.26,93,1522.67,2,1,1,9,1,0,0,0.0605
1.27,97,326.236,4,1,1,9,1,0,0,0.0146
1.31,99,421.58,3,1,1,9,1,0,1,0.0462
1.31,102,1522.67,2,1,0,0,1,0,0,0.0086
1.34,98,753.074,5,1,1,9,1,0,1,0.0868
1.39,106,326.236,4,1,1,9,1,0,0,0.0416
1.41,108,421.58,3,1,1,9,1,0,1,0.0462
1.44,107,753.074,5,1,1,9,1,0,1,0.0868
1.46,115,326.236,4,1,1,9,1,0,0,0.0116
1.49,111,1522.67,2,1,0,0,1,0,0,0.0916
1.51,117,421.58,3,1,1,9,1,0,1,0.0462
1.52,120,1522.67,2,1,0,0,1,0,0,0.0226
1.54,116,753.074,5,1,1,9,1,0,1,0.0868
1.6,125,753.074,5,1,1,9,1,0,0,0.0408
1.6,124,326.236,4,1,1,9,1,0,0,0.0486
1.61,126,421.58,3,1,1,9,1,0,1,0.0462
1.69,129,1522.67,2,1,0,0,1,0,0,0.0836
1.7,134,753.074,5,1,1,9,1,0,1,0.0408
1.71,135,421.58,3,1,1,9,1,0,1,0.0462
1.71,138,1522.67,2,1,1,9,1,0,0,0.0125
1.72,133,326.236,4,1,1,9,1,0,0,0.0716
1.77,144,421.58,3,1,1,9,1,0,0,0.0112
1.8,143,753.074,5,1,1,9,1,0,1,0.0408
1.83,142,326.236,4,1,1,9,1,0,0,0.0756
1.86,147,1522.67,2,1,1,9,1,0,0,0.0625
1.87,153,421.58,3,1,1,9,1,0,1,0.0112
1.9,152,753.074,5,1,1,9,1,0,1,0.0408
1.95,151,326.236,4,1,1,9,1,0,0,0.0966
1.97,162,421.58,3,1,1,9,1,0,1,0.0112
1.97,156,1522.67,2,1,0,0,1,0,0,0.0726
2,160,326.236,4,1,1,9,1,0,0,0.0436
0.11,2,2275.68,5,2,0,2,1,0,0,0.0538
0.11,3,1522.67,1,2,0,2,1,0,0,0.0057
0.13,4,1522.67,1,2,0,2,1,0,1,0.0057
0.14,1,1848.9,4,2,1,9,1,0,0,0.0856
0.15,5,1522.67,1,2,0,2,1,0,1,0.0057
0.17,8,1522.67,1,2,0,2,1,0,1,0.0057
0.19,9,1522.67,1,2,0,2,1,0,1,0.0057
0.21,6,1848.9,4,2,1,9,1,0,0,0.0576
0.21,7,2275.68,5,2,0,2,1,0,1,0.0538
0.21,10,1522.67,1,2,0,0,1,0,1,0.0048
0.23,11,1522.67,1,2,0,0,1,0,1,0.0048
0.25,12,1522.67,1,2,0,0,1,0,1,0.0048
0.27,15,1522.67,1,2,0,0,1,0,1,0.0048
0.29,16,1522.67,1,2,0,0,1,0,1,0.0048
0.31,14,2275.68,5,2,0,2,1,0,1,0.0538
0.31,18,1522.67,1,2,0,2,1,0,1,0.0057
0.33,19,1522.67,1,2,0,2,1,0,1,0.0057
0.34,13,1848.9,4,2,1,9,1,0,0,0.0916
0.35,20,1522.67,1,2,1,9,1,0,1,0.0057
0.37,23,1522.67,1,2,0,2,1,0,1,0.0057
0.39,24,1522.67,1,2,0,2,1,0,1,0.0057
0.41,22,2275.68,5,2,1,9,1,0,1,0.0538
0.41,26,1522.67,1,2,1,9,1,0,1,0.0057
0.42,21,1848.9,4,2,0,2,1,0,0,0.0646
0.43,27,1522.67,1,2,1,9,1,0,1,0.0057
0.45,28,1522.67,1,2,1,9,1,0,1,0.0057
0.47,31,1522.67,1,2,1,9,1,0,1,0.0057
0.49,32,1522.67,1,2,1,9,1,0,1,0.0057
0.51,29,1848.9,4,2,0,2,1,0,0,0.0576
0.51,30,2275.68,5,2,0,0,1,0,1,0.0528
0.51,34,1522.67,1,2,0,0,1,0,1,0.0048
0.53,35,1522.67,1,2,0,0,1,0,1,0.0048
0.55,36,1522.67,1,2,0,0,1,0,1,0.0048
0.57,39,1522.67,1,2,0,0,1,0,1,0.0048
0.59,37,1848.9,4,2,0,2,1,0,0,0.0326
0.59,40,1522.67,1,2,0,0,1,0,1,0.0048
0.61,38,2275.68,5,2,0,2,1,0,1,0.0538
0.61,42,1522.67,1,2,0,0,1,0,1,0.0048
0.63,43,1522.67,1,2,0,0,1,0,1,0.0048
0.66,44,1522.67,1,2,0,0,1,0,0,0.0098
0.67,45,1848.9,4,2,0,0,1,0,0,0.0206
0.68,47,1522.67,1,2,0,0,1,0,1,0.0098
0.7,48,1522.67,1,2,1,9,1,0,1,0.0107
0.71,46,2275.68,5,2,0,0,1,0,1,0.0528
0.72,50,1522.67,1,2,0,2,1,0,1,0.0107
0.74,51,1522.67,1,2,0,2,1,0,1,0.0107
0.76,52,1522.67,1,2,0,2,1,0,1,0.0107
0.77,53,1848.9,4,2,1,9,1,0,0,0.0196
0.78,55,1522.67,1,2,0,2,1,0,1,0.0107
0.8,56,1522.67,1,2,0,2,1,0,1,0.0107
0.81,54,2275.68,5,2,0,0,1,0,1,0.0528
0.82,58,1522.67,1,2,1,9,1,0,1,0.0107
0.84,59,1522.67,1,2,1,9,1,0,1,0.0107
0.86,60,1522.67,1,2,1,9,1,0,1,0.0107
0.88,64,1522.67,1,2,0,2,1,0,1,0.0107
0.9,65,1522.67,1,2,1,9,1,0,1,0.0107
0.91,63,1944.07,3,2,0,0,1,0,0,0.0453
0.92,67,1522.67,1,2,1,9,1,0,1,0.0107
0.92,61,1848.9,4,2,0,2,1,0,0,0.0706
0.94,68,1522.67,1,2,0,2,1,0,1,0.0107
0.94,62,2275.68,5,2,0,0,1,0,0,0.0858
0.96,69,1522.67,1,2,0,2,1,0,1,0.0107
0.98,73,1522.67,1,2,1,9,1,0,1,0.0107
1,74,1522.67,1,2,1,9,1,0,1,0.0107
1.01,72,1944.07,3,2,0,0,1,0,1,0.0453
1.02,76,1522.67,1,2,1,9,1,0,1,0.0107
1.03,70,1848.9,4,2,1,9,1,0,0,0.0736
1.04,77,1522.67,1,2,1,9,1,0,1,0.0107
1.04,71,2275.68,5,2,0,1,1,0,1,0.0858
1.06,78,1522.67,1,2,1,9,1,0,1,0.0107
1.08,82,1522.67,1,2,1,9,1,0,1,0.0107
1.08,79,1848.9,4,2,1,9,1,0,0,0.0296
1.1,83,1522.67,1,2,1,9,1,0,1,0.0107
1.11,81,1944.07,3,2,0,0,1,0,1,0.0453
1.12,85,1522.67,1,2,1,9,1,0,1,0.0107
1.14,86,1522.67,1,2,0,2,1,0,1,0.0107
1.14,80,2275.68,5,2,0,2,1,0,1,0.0868
1.16,87,1522.67,1,2,1,9,1,0,1,0.0107
1.18,91,1522.67,1,2,1,9,1,0,1,0.0107
1.2,92,1522.67,1,2,1,9,1,0,1,0.0107
1.21,90,1944.07,3,2,0,2,1,0,1,0.0462
1.22,88,1848.9,4,2,0,2,1,0,0,0.0626
1.22,94,1522.67,1,2,1,9,1,0,1,0.0107
1.24,95,1522.67,1,2,1,9,1,0,1,0.0107
1.24,89,2275.68,5,2,0,0,1,0,1,0.0858
1.26,96,1522.67,1,2,1,9,1,0,1,0.0107
1.27,97,1848.9,4,2,1,9,1,0,0,0.0146
1.28,100,1522.67,1,2,0,2,1,0,1,0.0107
1.3,101,1522.67,1,2,0,0,1,0,1,0.0098
1.31,99,1944.07,3,2,1,9,1,0,1,0.0462
1.32,103,1522.67,1,2,0,0,1,0,1,0.0098
1.34,104,1522.67,1,2,0,0,1,0,1,0.0098
1.34,98,2275.68,5,2,0,0,1,0,1,0.0858
1.36,105,1522.67,1,2,0,0,1,0,1,0.0098
1.38,109,1522.67,1,2,0,0,1,0,1,0.0098
1.39,106,1848.9,4,2,0,2,1,0,0,0.0416
1.4,110,1522.67,1,2,0,0,1,0,1,0.0098
1.41,108,1944.07,3,2,0,0,1,0,1,0.0453
1.42,112,1522.67,1,2,0,0,1,0,1,0.0098
1.44,107,2275.68,5,2,0,0,1,0,1,0.0858
1.45,113,1522.67,1,2,0,0,1,0,0,0.0168
1.46,115,1848.9,4,2,1,9,1,0,0,0.0116
1.47,114,1522.67,1,2,0,0,1,0,1,0.0168
1.49,118,1522.67,1,2,0,0,1,0,1,0.0168
1.51,119,1522.67,1,2,0,0,1,0,1,0.0168
1.51,117,1944.07,3,2,0,0,1,0,1,0.0453
1.53,121,1522.67,1,2,0,0,1,0,1,0.0168
1.54,116,2275.68,5,2,1,9,1,0,1,0.0868
1.55,122,1522.67,1,2,0,0,1,0,1,0.0168
1.57,123,1522.67,1,2,0,0,1,0,1,0.0168
1.59,127,1522.67,1,2,0,0,1,0,1,0.0168
1.6,125,2275.68,5,2,1,9,1,0,0,0.0408
1.6,124,1848.9,4,2,0,2,1,0,0,0.0486
1.61,128,1522.67,1,2,0,0,1,0,1,0.0168
1.61,126,1944.07,3,2,0,2,1,0,1,0.0462
1.63,130,1522.67,1,2,0,0,1,0,1,0.0168
1.65,131,1522.67,1,2,0,0,1,0,1,0.0168
1.67,132,1522.67,1,2,0,0,1,0,1,0.0168
1.69,136,1522.67,1,2,0,0,1,0,1,0.0168
1.7,134,2275.68,5,2,0,0,1,0,1,0.0398
1.71,137,1522.67,1,2,1,9,1,0,1,0.0177
1.71,135,1944.07,3,2,0,2,1,0,1,0.0462
1.72,133,1848.9,4,2,1,9,1,0,0,0.0716
1.73,139,1522.67,1,2,1,9,1,0,1,0.0177
1.75,140,1522.67,1,2,1,9,1,0,1,0.0177
1.77,141,1522.67,1,2,1,9,1,0,1,0.0177
1.77,144,1944.07,3,2,0,2,1,0,0,0.0112
1.79,145,1522.67,1,2,0,2,1,0,1,0.0177
1.8,143,2275.68,5,2,0,0,1,0,1,0.0398
1.81,146,1522.67,1,2,1,9,1,0,1,0.0177
1.83,148,1522.67,1,2,1,9,1,0,1,0.0177
1.83,142,1848.9,4,2,0,2,1,0,0,0.0756
1.85,149,1522.67,1,2,0,2,1,0,1,0.0177
1.87,150,1522.67,1,2,0,2,1,0,1,0.0177
1.87,153,1944.07,3,2,0,2,1,0,1,0.0112
1.89,154,1522.67,1,2,1,9,1,0,1,0.0177
1.9,152,2275.68,5,2,0,0,1,0,1,0.0398
1.91,155,1522.67,1,2,0,0,1,0,1,0.0168
1.93,157,1522.67,1,2,0,0,1,0,1,0.0168
1.95,158,1522.67,1,2,0,0,1,0,1,0.0168
1.95,151,1848.9,4,2,1,9,1,0,0,0.0966
1.97,159,1522.67,1,2,0,0,1,0,1,0.0168
1.97,162,1944.07,3,2,0,2,1,0,1,0.0112
1.99,163,1522.67,1,2,0,0,1,0,1,0.0168
2,160,1848.9,4,2,1,9,1,0,0,0.0436
0.11,2,331.647,5,3,1,9,1,0,0,0.0538
0.11,3,421.58,1,3,1,9,1,0,0,0.0057
0.13,4,421.58,1,3,1,9,1,0,1,0.0057
0.14,1,96.5332,4,3,1,9,1,0,0,0.0856
0.15,5,421.58,1,3,1,9,1,0,1,0.0057
0.17,8,421.58,1,3,1,9,1,0,1,0.0057
0.19,9,421.58,1,3,1,9,1,0,1,0.0057
0.21,6,96.5332,4,3,1,9,1,0,0,0.0576
0.21,7,331.647,5,3,1,9,1,0,1,0.0538
0.21,10,421.58,1,3,1,9,1,0,1,0.0057
0.23,11,421.58,1,3,1,9,1,0,1,0.0057
0.25,12,421.58,1,3,1,9,1,0,1,0.0057
0.27,15,421.58,1,3,1,9,1,0,1,0.0057
0.29,16,421.58,1,3,1,9,1,0,1,0.0057
0.31,17,1944.07,2,3,0,0,1,0,0,0.0046
0.31,14,331.647,5,3,1,9,1,0,1,0.0538
0.31,18,421.58,1,3,1,9,1,0,1,0.0057
0.33,19,421.58,1,3,1,9,1,0,1,0.0057
0.34,13,96.5332,4,3,1,9,1,0,0,0.0916
0.35,20,421.58,1,3,1,9,1,0,1,0.0057
0.37,23,421.58,1,3,1,9,1,0,1,0.0057
0.39,24,421.58,1,3,1,9,1,0,1,0.0057
0.41,22,331.647,5,3,1,9,1,0,1,0.0538
0.41,26,421.58,1,3,1,9,1,0,1,0.0057
0.42,21,96.5332,4,3,1,9,1,0,0,0.0646
0.43,25,1944.07,2,3,0,0,1,0,0,0.0236
0.43,27,421.58,1,3,1,9,1,0,1,0.0057
0.45,28,421.58,1,3,1,9,1,0,1,0.0057
0.47,31,421.58,1,3,1,9,1,0,1,0.0057
0.49,32,421.58,1,3,1,9,1,0,1,0.0057
0.51,29,96.5332,4,3,1,9,1,0,0,0.0576
0.51,30,331.647,5,3,1,9,1,0,1,0.0538
0.51,34,421.58,1,3,1,9,1,0,1,0.0057
0.53,33,1944.07,2,3,0,0,1,0,0,0.0256
0.53,35,421.58,1,3,1,9,1,0,1,0.0057
0.55,36,421.58,1,3,1,9,1,0,1,0.0057
0.57,39,421.58,1,3,1,9,1,0,1,0.0057
0.59,37,96.5332,4,3,1,9,1,0,0,0.0326
0.59,40,421.58,1,3,1,9,1,0,1,0.0057
0.61,38,331.647,5,3,1,9,1,0,1,0.0538
0.61,42,421.58,1,3,1,9,1,0,1,0.0057
0.63,43,421.58,1,3,1,9,1,0,1,0.0057
0.66,44,421.58,1,3,1,9,1,0,0,0.0107
0.66,41,1944.07,2,3,0,0,1,0,0,0.0626
0.67,45,96.5332,4,3,1,9,1,0,0,0.0216
0.68,47,421.58,1,3,1,9,1,0,1,0.0107
0.7,48,421.58,1,3,1,9,1,0,1,0.0107
0.71,46,331.647,5,3,1,9,1,0,1,0.0538
0.72,50,421.58,1,3,1,9,1,0,1,0.0107
0.74,51,421.58,1,3,1,9,1,0,1,0.0107
0.76,52,421.58,1,3,1,9,1,0,1,0.0107
0.77,53,96.5332,4,3,1,9,1,0,0,0.0196
0.78,55,421.58,1,3,1,9,1,0,1,0.0107
0.8,49,1944.07,2,3,0,2,1,0,0,0.0965
0.8,56,421.58,1,3,1,9,1,0,1,0.0107
0.81,54,331.647,5,3,1,9,1,0,1,0.0538
0.82,58,421.58,1,3,1,9,1,0,1,0.0107
0.84,59,421.58,1,3,1,9,1,0,1,0.0107
0.86,60,421.58,1,3,1,9,1,0,1,0.0107
0.88,64,421.58,1,3,1,9,1,0,1,0.0107
0.88,57,1944.07,2,3,0,2,1,0,0,0.0815
0.9,65,421.58,1,3,1,9,1,0,1,0.0107
0.92,66,1944.07,2,3,0,0,1,0,0,0.0136
0.92,67,421.58,1,3,1,9,1,0,1,0.0107
0.92,61,96.5332,4,3,1,9,1,0,0,0.0706
0.94,68,421.58,1,3,1,9,1,0,1,0.0107
0.94,62,331.647,5,3,1,9,1,0,0,0.0868
0.96,69,421.58,1,3,1,9,1,0,1,0.0107
0.98,73,421.58,1,3,1,9,1,0,1,0.0107
1,74,421.58,1,3,1,9,1,0,1,0.0107
1.02,76,421.58,1,3,1,9,1,0,1,0.0107
1.03,70,96.5332,4,3,1,9,1,0,0,0.0736
1.04,77,421.58,1,3,1,9,1,0,1,0.0107
1.04,75,1944.07,2,3,0,0,1,0,0,0.0426
1.04,71,331.647,5,3,1,9,1,0,1,0.0868
1.06,78,421.58,1,3,1,9,1,0,1,0.0107
1.08,82,421.58,1,3,1,9,1,0,1,0.0107
1.08,79,96.5332,4,3,1,9,1,0,0,0.0296
1.1,83,421.58,1,3,1,9,1,0,1,0.0107
1.12,85,421.58,1,3,1,9,1,0,1,0.0107
1.14,86,421.58,1,3,1,9,1,0,1,0.0107
1.14,80,331.647,5,3,1,9,1,0,1,0.0868
1.16,87,421.58,1,3,1,9,1,0,1,0.0107
1.17,84,1944.07,2,3,0,0,1,0,0,0.0696
1.18,91,421.58,1,3,1,9,1,0,1,0.0107
1.2,92,421.58,1,3,1,9,1,0,1,0.0107
1.22,88,96.5332,4,3,1,9,1,0,0,0.0626
1.22,94,421.58,1,3,1,9,1,0,1,0.0107
1.24,95,421.58,1,3,1,9,1,0,1,0.0107
1.24,89,331.647,5,3,1,9,1,0,1,0.0868
1.26,96,421.58,1,3,1,9,1,0,1,0.0107
1.26,93,1944.07,2,3,0,2,1,0,0,0.0605
1.27,97,96.5332,4,3,1,9,1,0,0,0.0146
1.28,100,421.58,1,3,1,9,1,0,1,0.0107
1.3,101,421.58,1,3,1,9,1,0,1,0.0107
1.31,102,1944.07,2,3,1,9,1,0,0,0.0095
1.32,103,421.58,1,3,1,9,1,0,1,0.0107
1.34,104,421.58,1,3,1,9,1,0,1,0.0107
1.34,98,331.647,5,3,1,9,1,0,1,0.0868
1.36,105,421.58,1,3,1,9,1,0,1,0.0107
1.38,109,421.58,1,3,1,9,1,0,1,0.0107
1.39,106,96.5332,4,3,1,9,1,0,0,0.0416
1.4,110,421.58,1,3,1,9,1,0,1,0.0107
1.42,112,421.58,1,3,1,9,1,0,1,0.0107
1.44,107,331.647,5,3,1,9,1,0,1,0.0868
1.45,113,421.58,1,3,1,9,1,0,0,0.0177
1.46,115,96.5332,4,3,1,9,1,0,0,0.0116
1.47,114,421.58,1,3,1,9,1,0,1,0.0177
1.49,118,421.58,1,3,1,9,1,0,1,0.0177
1.49,111,1944.07,2,3,0,0,1,0,0,0.0916
1.51,119,421.58,1,3,1,9,1,0,1,0.0177
1.52,120,1944.07,2,3,0,0,1,0,0,0.0226
1.53,121,421.58,1,3,1,9,1,0,1,0.0177
1.54,116,331.647,5,3,1,9,1,0,1,0.0868
1.55,122,421.58,1,3,1,9,1,0,1,0.0177
1.57,123,421.58,1,3,1,9,1,0,1,0.0177
1.59,127,421.58,1,3,1,9,1,0,1,0.0177
1.6,125,331.647,5,3,1,9,1,0,0,0.0408
1.6,124,96.5332,4,3,1,9,1,0,0,0.0486
1.61,128,421.58,1,3,1,9,1,0,1,0.0177
1.63,130,421.58,1,3,1,9,1,0,1,0.0177
1.65,131,421.58,1,3,1,9,1,0,1,0.0177
1.67,132,421.58,1,3,1,9,1,0,1,0.0177
1.69,136,421.58,1,3,1,9,1,0,1,0.0177
1.69,129,1944.07,2,3,0,2,1,0,0,0.0845
1.7,134,331.647,5,3,1,9,1,0,1,0.0408
1.71,137,421.58,1,3,1,9,1,0,1,0.0177
1.71,138,1944.07,2,3,1,9,1,0,0,0.0125
1.72,133,96.5332,4,3,1,9,1,0,0,0.0716
1.73,139,421.58,1,3,1,9,1,0,1,0.0177
1.75,140,421.58,1,3,1,9,1,0,1,0.0177
1.77,141,421.58,1,3,1,9,1,0,1,0.0177
1.79,145,421.58,1,3,1,9,1,0,1,0.0177
1.8,143,331.647,5,3,1,9,1,0,1,0.0408
1.81,146,421.58,1,3,1,9,1,0,1,0.0177
1.83,148,421.58,1,3,1,9,1,0,1,0.0177
1.83,142,96.5332,4,3,1,9,1,0,0,0.0756
1.85,149,421.58,1,3,1,9,1,0,1,0.0177
1.86,147,1944.07,2,3,0,2,1,0,0,0.0625
1.87,150,421.58,1,3,1,9,1,0,1,0.0177
1.89,154,421.58,1,3,1,9,1,0,1,0.0177
1.9,152,331.647,5,3,1,9,1,0,1,0.0408
1.91,155,421.58,1,3,1,9,1,0,1,0.0177
1.93,157,421.58,1,3,1,9,1,0,1,0.0177
1.95,158,421.58,1,3,1,9,1,0,1,0.0177
1.95,151,96.5332,4,3,1,9,1,0,0,0.0966
1.97,159,421.58,1,3,1,9,1,0,1,0.0177
1.97,156,1944.07,2,3,0,2,1,0,0,0.0735
1.99,163,421.58,1,3,1,9,1,0,1,0.0177
2,160,96.5332,4,3,1,9,1,0,0,0.0436
0.11,3,753.074,1,5,1,9,1,0,0,0.0057
0.13,4,753.074,1,5,1,9,1,0,1,0.0057
0.14,1,426.989,4,5,1,9,1,0,0,0.0856
0.15,5,753.074,1,5,1,9,1,0,1,0.0057
0.17,8,753.074,1,5,1,9,1,0,1,0.0057
0.19,9,753.074,1,5,1,9,1,0,1,0.0057
0.21,6,426.989,4,5,1,9,1,0,0,0.0576
0.21,10,753.074,1,5,1,9,1,0,1,0.0057
0.23,11,753.074,1,5,1,9,1,0,1,0.0057
0.25,12,753.074,1,5,1,9,1,0,1,0.0057
0.27,15,753.074,1,5,1,9,1,0,1,0.0057
0.29,16,753.074,1,5,1,9,1,0,1,0.0057
0.31,17,2275.68,2,5,0,2,1,0,0,0.0055
0.31,18,753.074,1,5,1,9,1,0,1,0.0057
0.33,19,753.074,1,5,1,9,1,0,1,0.0057
0.34,13,426.989,4,5,1,9,1,0,0,0.0916
0.35,20,753.074,1,5,1,9,1,0,1,0.0057
0.37,23,753.074,1,5,1,9,1,0,1,0.0057
0.39,24,753.074,1,5,1,9,1,0,1,0.0057
0.41,26,753.074,1,5,1,9,1,0,1,0.0057
0.42,21,426.989,4,5,1,9,1,0,0,0.0646
0.43,25,2275.68,2,5,1,9,1,0,0,0.0245
0.43,27,753.074,1,5,1,9,1,0,1,0.0057
0.45,28,753.074,1,5,1,9,1,0,1,0.0057
0.47,31,753.074,1,5,1,9,1,0,1,0.0057
0.49,32,753.074,1,5,1,9,1,0,1,0.0057
0.51,29,426.989,4,5,1,9,1,0,0,0.0576
0.51,34,753.074,1,5,1,9,1,0,1,0.0057
0.53,33,2275.68,2,5,0,0,1,0,0,0.0256
0.53,35,753.074,1,5,1,9,1,0,1,0.0057
0.55,36,753.074,1,5,1,9,1,0,1,0.0057
0.57,39,753.074,1,5,1,9,1,0,1,0.0057
0.59,37,426.989,4,5,1,9,1,0,0,0.0326
0.59,40,753.074,1,5,1,9,1,0,1,0.0057
0.61,42,753.074,1,5,1,9,1,0,1,0.0057
0.63,43,753.074,1,5,1,9,1,0,1,0.0057
0.66,44,753.074,1,5,1,9,1,0,0,0.0107
0.66,41,2275.68,2,5,0,2,1,0,0,0.0635
0.67,45,426.989,4,5,1,9,1,0,0,0.0216
0.68,47,753.074,1,5,1,9,1,0,1,0.0107
0.7,48,753.074,1,5,1,9,1,0,1,0.0107
0.72,50,753.074,1,5,1,9,1,0,1,0.0107
0.74,51,753.074,1,5,1,9,1,0,1,0.0107
0.76,52,753.074,1,5,1,9,1,0,1,0.0107
0.77,53,426.989,4,5,1,9,1,0,0,0.0196
0.78,55,753.074,1,5,1,9,1,0,1,0.0107
0.8,49,2275.68,2,5,0,0,1,0,0,0.0956
0.8,56,753.074,1,5,1,9,1,0,1,0.0107
0.82,58,753.074,1,5,1,9,1,0,1,0.0107
0.84,59,753.074,1,5,1,9,1,0,1,0.0107
0.86,60,753.074,1,5,1,9,1,0,1,0.0107
0.88,64,753.074,1,5,1,9,1,0,1,0.0107
0.88,57,2275.68,2,5,0,0,1,0,0,0.0806
0.9,65,753.074,1,5,1,9,1,0,1,0.0107
0.91,63,331.647,3,5,1,9,1,0,0,0.0462
0.92,66,2275.68,2,5,0,0,1,0,0,0.0136
0.92,67,753.074,1,5,1,9,1,0,1,0.0107
0.92,61,426.989,4,5,1,9,1,0,0,0.0706
0.94,68,753.074,1,5,1,9,1,0,1,0.0107
0.96,69,753.074,1,5,1,9,1,0,1,0.0107
0.98,73,753.074,1,5,1,9,1,0,1,0.0107
1,74,753.074,1,5,1,9,1,0,1,0.0107
1.01,72,331.647,3,5,1,9,1,0,1,0.0462
1.02,76,753.074,1,5,1,9,1,0,1,0.0107
1.03,70,426.989,4,5,1,9,1,0,0,0.0736
1.04,77,753.074,1,5,1,9,1,0,1,0.0107
1.04,75,2275.68,2,5,0,1,1,0,0,0.0426
1.06,78,753.074,1,5,1,9,1,0,1,0.0107
1.08,82,753.074,1,5,1,9,1,0,1,0.0107
1.08,79,426.989,4,5,1,9,1,0,0,0.0296
1.1,83,753.074,1,5,1,9,1,0,1,0.0107
1.11,81,331.647,3,5,1,9,1,0,1,0.0462
1.12,85,753.074,1,5,1,9,1,0,1,0.0107
1.14,86,753.074,1,5,1,9,1,0,1,0.0107
1.16,87,753.074,1,5,1,9,1,0,1,0.0107
1.17,84,2275.68,2,5,0,2,1,0,0,0.0705
1.18,91,753.074,1,5,1,9,1,0,1,0.0107
1.2,92,753.074,1,5,1,9,1,0,1,0.0107
1.21,90,331.647,3,5,1,9,1,0,1,0.0462
1.22,88,426.989,4,5,1,9,1,0,0,0.0626
1.22,94,753.074,1,5,1,9,1,0,1,0.0107
1.24,95,753.074,1,5,1,9,1,0,1,0.0107
1.26,96,753.074,1,5,1,9,1,0,1,0.0107
1.26,93,2275.68,2,5,0,0,1,0,0,0.0596
1.27,97,426.989,4,5,1,9,1,0,0,0.0146
1.28,100,753.074,1,5,1,9,1,0,1,0.0107
1.3,101,753.074,1,5,1,9,1,0,1,0.0107
1.31,99,331.647,3,5,1,9,1,0,1,0.0462
1.31,102,2275.68,2,5,0,0,1,0,0,0.0086
1.32,103,753.074,1,5,1,9,1,0,1,0.0107
1.34,104,753.074,1,5,1,9,1,0,1,0.0107
1.36,105,753.074,1,5,1,9,1,0,1,0.0107
1.38,109,753.074,1,5,1,9,1,0,1,0.0107
1.39,106,426.989,4,5,1,9,1,0,0,0.0416
1.4,110,753.074,1,5,1,9,1,0,1,0.0107
1.41,108,331.647,3,5,1,9,1,0,1,0.0462
1.42,112,753.074,1,5,1,9,1,0,1,0.0107
1.45,113,753.074,1,5,1,9,1,0,0,0.0177
1.46,115,426.989,4,5,1,9,1,0,0,0.0116
1.47,114,753.074,1,5,1,9,1,0,1,0.0177
1.49,118,753.074,1,5,1,9,1,0,1,0.0177
1.49,111,2275.68,2,5,0,0,1,0,0,0.0916
1.51,119,753.074,1,5,1,9,1,0,1,0.0177
1.51,117,331.647,3,5,1,9,1,0,1,0.0462
1.52,120,2275.68,2,5,0,2,1,0,0,0.0235
1.53,121,753.074,1,5,1,9,1,0,1,0.0177
1.55,122,753.074,1,5,1,9,1,0,1,0.0177
1.57,123,753.074,1,5,1,9,1,0,1,0.0177
1.59,127,753.074,1,5,1,9,1,0,1,0.0177
1.6,124,426.989,4,5,1,9,1,0,0,0.0486
1.61,128,753.074,1,5,1,9,1,0,1,0.0177
1.61,126,331.647,3,5,1,9,1,0,1,0.0462
1.63,130,753.074,1,5,1,9,1,0,1,0.0177
1.65,131,753.074,1,5,1,9,1,0,1,0.0177
1.67,132,753.074,1,5,1,9,1,0,1,0.0177
1.69,136,753.074,1,5,1,9,1,0,1,0.0177
1.69,129,2275.68,2,5,0,3,1,0,0,0.0845
1.71,137,753.074,1,5,1,9,1,0,1,0.0177
1.71,135,331.647,3,5,1,9,1,0,1,0.0462
1.71,138,2275.68,2,5,0,0,1,0,0,0.0116
1.72,133,426.989,4,5,1,9,1,0,0,0.0716
1.73,139,753.074,1,5,1,9,1,0,1,0.0177
1.75,140,753.074,1,5,1,9,1,0,1,0.0177
1.77,141,753.074,1,5,1,9,1,0,1,0.0177
1.77,144,331.647,3,5,1,9,1,0,0,0.0112
1.79,145,753.074,1,5,1,9,1,0,1,0.0177
1.81,146,753.074,1,5,1,9,1,0,1,0.0177
1.83,148,753.074,1,5,1,9,1,0,1,0.0177
1.83,142,426.989,4,5,1,9,1,0,0,0.0756
1.85,149,753.074,1,5,1,9,1,0,1,0.0177
1.86,147,2275.68,2,5,0,0,1,0,0,0.0616
1.87,150,753.074,1,5,1,9,1,0,1,0.0177
1.87,153,331.647,3,5,1,9,1,0,1,0.0112
1.89,154,753.074,1,5,1,9,1,0,1,0.0177
1.91,155,753.074,1,5,1,9,1,0,1,0.0177
1.93,157,753.074,1,5,1,9,1,0,1,0.0177
1.95,158,753.074,1,5,1,9,1,0,1,0.0177
1.95,151,426.989,4,5,1,9,1,0,0,0.0966
1.97,159,753.074,1,5,1,9,1,0,1,0.0177
1.97,162,331.647,3,5,1,9,1,0,1,0.0112
1.97,156,2275.68,2,5,0,0,1,0,0,0.0726
1.99,163,753.074,1,5,1,9,1,0,1,0.0177
2,160,426.989,4,5,1,9,1,0,0,0.0436
0.11,2,426.989,5,4,1,9,1,0,0,0.0538
0.11,3,326.236,1,4,1,9,1,0,0,0.0057
0.13,4,326.236,1,4,1,9,1,0,1,0.0057
0.15,5,326.236,1,4,1,9,1,0,1,0.0057
0.17,8,326.236,1,4,1,9,1,0,1,0.0057
0.19,9,326.236,1,4,1,9,1,0,1,0.0057
0.21,7,426.989,5,4,1,9,1,0,1,0.0538
0.21,10,326.236,1,4,1,9,1,0,1,0.0057
0.23,11,326.236,1,4,1,9,1,0,1,0.0057
0.25,12,326.236,1,4,1,9,1,0,1,0.0057
0.27,15,326.236,1,4,1,9,1,0,1,0.0057
0.29,16,326.236,1,4,1,9,1,0,1,0.0057
0.31,17,1848.9,2,4,1,9,1,0,0,0.0055
0.31,14,426.989,5,4,1,9,1,0,1,0.0538
0.31,18,326.236,1,4,1,9,1,0,1,0.0057
0.33,19,326.236,1,4,1,9,1,0,1,0.0057
0.35,20,326.236,1,4,1,9,1,0,1,0.0057
0.37,23,326.236,1,4,1,9,1,0,1,0.0057
0.39,24,326.236,1,4,1,9,1,0,1,0.0057
0.41,22,426.989,5,4,1,9,1,0,1,0.0538
0.41,26,326.236,1,4,1,9,1,0,1,0.0057
0.43,25,1848.9,2,4,0,2,1,0,0,0.0245
0.43,27,326.236,1,4,1,9,1,0,1,0.0057
0.45,28,326.236,1,4,1,9,1,0,1,0.0057
0.47,31,326.236,1,4,1,9,1,0,1,0.0057
0.49,32,326.236,1,4,1,9,1,0,1,0.0057
0.51,30,426.989,5,4,1,9,1,0,1,0.0538
0.51,34,326.236,1,4,1,9,1,0,1,0.0057
0.53,33,1848.9,2,4,1,9,1,0,0,0.0265
0.53,35,326.236,1,4,1,9,1,0,1,0.0057
0.55,36,326.236,1,4,1,9,1,0,1,0.0057
0.57,39,326.236,1,4,1,9,1,0,1,0.0057
0.59,40,326.236,1,4,1,9,1,0,1,0.0057
0.61,38,426.989,5,4,1,9,1,0,1,0.0538
0.61,42,326.236,1,4,1,9,1,0,1,0.0057
0.63,43,326.236,1,4,1,9,1,0,1,0.0057
0.66,44,326.236,1,4,1,9,1,0,0,0.0107
0.66,41,1848.9,2,4,0,0,1,0,0,0.0626
0.68,47,326.236,1,4,1,9,1,0,1,0.0107
0.7,48,326.236,1,4,1,9,1,0,1,0.0107
0.71,46,426.989,5,4,1,9,1,0,1,0.0538
0.72,50,326.236,1,4,1,9,1,0,1,0.0107
0.74,51,326.236,1,4,1,9,1,0,1,0.0107
0.76,52,326.236,1,4,1,9,1,0,1,0.0107
0.78,55,326.236,1,4,1,9,1,0,1,0.0107
0.8,49,1848.9,2,4,1,9,1,0,0,0.0965
0.8,56,326.236,1,4,1,9,1,0,1,0.0107
0.81,54,426.989,5,4,1,9,1,0,1,0.0538
0.82,58,326.236,1,4,1,9,1,0,1,0.0107
0.84,59,326.236,1,4,1,9,1,0,1,0.0107
0.86,60,326.236,1,4,1,9,1,0,1,0.0107
0.88,64,326.236,1,4,1,9,1,0,1,0.0107
0.88,57,1848.9,2,4,1,9,1,0,0,0.0815
0.9,65,326.236,1,4,1,9,1,0,1,0.0107
0.91,63,96.5332,3,4,1,9,1,0,0,0.0462
0.92,66,1848.9,2,4,0,2,1,0,0,0.0145
0.92,67,326.236,1,4,1,9,1,0,1,0.0107
0.94,68,326.236,1,4,1,9,1,0,1,0.0107
0.94,62,426.989,5,4,1,9,1,0,0,0.0868
0.96,69,326.236,1,4,1,9,1,0,1,0.0107
0.98,73,326.236,1,4,1,9,1,0,1,0.0107
1,74,326.236,1,4,1,9,1,0,1,0.0107
1.01,72,96.5332,3,4,1,9,1,0,1,0.0462
1.02,76,326.236,1,4,1,9,1,0,1,0.0107
1.04,77,326.236,1,4,1,9,1,0,1,0.0107
1.04,75,1848.9,2,4,0,3,1,0,0,0.0435
1.04,71,426.989,5,4,1,9,1,0,1,0.0868
1.06,78,326.236,1,4,1,9,1,0,1,0.0107
1.08,82,326.236,1,4,1,9,1,0,1,0.0107
1.1,83,326.236,1,4,1,9,1,0,1,0.0107
1.11,81,96.5332,3,4,1,9,1,0,1,0.0462
1.12,85,326.236,1,4,1,9,1,0,1,0.0107
1.14,86,326.236,1,4,1,9,1,0,1,0.0107
1.14,80,426.989,5,4,1,9,1,0,1,0.0868
1.16,87,326.236,1,4,1,9,1,0,1,0.0107
1.17,84,1848.9,2,4,1,9,1,0,0,0.0705
1.18,91,326.236,1,4,1,9,1,0,1,0.0107
1.2,92,326.236,1,4,1,9,1,0,1,0.0107
1.21,90,96.5332,3,4,1,9,1,0,1,0.0462
1.22,94,326.236,1,4,1,9,1,0,1,0.0107
1.24,95,326.236,1,4,1,9,1,0,1,0.0107
1.24,89,426.989,5,4,1,9,1,0,1,0.0868
1.26,96,326.236,1,4,1,9,1,0,1,0.0107
1.26,93,1848.9,2,4,1,9,1,0,0,0.0605
1.28,100,326.236,1,4,1,9,1,0,1,0.0107
1.3,101,326.236,1,4,1,9,1,0,1,0.0107
1.31,99,96.5332,3,4,1,9,1,0,1,0.0462
1.31,102,1848.9,2,4,1,9,1,0,0,0.0095
1.32,103,326.236,1,4,1,9,1,0,1,0.0107
1.34,104,326.236,1,4,1,9,1,0,1,0.0107
1.34,98,426.989,5,4,1,9,1,0,1,0.0868
1.36,105,326.236,1,4,1,9,1,0,1,0.0107
1.38,109,326.236,1,4,1,9,1,0,1,0.0107
1.4,110,326.236,1,4,1,9,1,0,1,0.0107
1.41,108,96.5332,3,4,1,9,1,0,1,0.0462
1.42,112,326.236,1,4,1,9,1,0,1,0.0107
1.44,107,426.989,5,4,1,9,1,0,1,0.0868
1.45,113,326.236,1,4,1,9,1,0,0,0.0177
1.47,114,326.236,1,4,1,9,1,0,1,0.0177
1.49,118,326.236,1,4,1,9,1,0,1,0.0177
1.49,111,1848.9,2,4,0,2,1,0,0,0.0925
1.51,119,326.236,1,4,1,9,1,0,1,0.0177
1.51,117,96.5332,3,4,1,9,1,0,1,0.0462
1.52,120,1848.9,2,4,1,9,1,0,0,0.0235
1.53,121,326.236,1,4,1,9,1,0,1,0.0177
1.54,116,426.989,5,4,1,9,1,0,1,0.0868
1.55,122,326.236,1,4,1,9,1,0,1,0.0177
1.57,123,326.236,1,4,1,9,1,0,1,0.0177
1.59,127,326.236,1,4,1,9,1,0,1,0.0177
1.6,125,426.989,5,4,1,9,1,0,0,0.0408
1.61,128,326.236,1,4,1,9,1,0,1,0.0177
1.61,126,96.5332,3,4,1,9,1,0,1,0.0462
1.63,130,326.236,1,4,1,9,1,0,1,0.0177
1.65,131,326.236,1,4,1,9,1,0,1,0.0177
1.67,132,326.236,1,4,1,9,1,0,1,0.0177
1.69,136,326.236,1,4,1,9,1,0,1,0.0177
1.69,129,1848.9,2,4,0,2,1,0,0,0.0845
1.7,134,426.989,5,4,1,9,1,0,1,0.0408
1.71,137,326.236,1,4,1,9,1,0,1,0.0177
1.71,135,96.5332,3,4,1,9,1,0,1,0.0462
1.71,138,1848.9,2,4,1,9,1,0,0,0.0125
1.73,139,326.236,1,4,1,9,1,0,1,0.0177
1.75,140,326.236,1,4,1,9,1,0,1,0.0177
1.77,141,326.236,1,4,1,9,1,0,1,0.0177
1.77,144,96.5332,3,4,1,9,1,0,0,0.0112
1.79,145,326.236,1,4,1,9,1,0,1,0.0177
1.8,143,426.989,5,4,1,9,1,0,1,0.0408
1.81,146,326.236,1,4,1,9,1,0,1,0.0177
1.83,148,326.236,1,4,1,9,1,0,1,0.0177
1.85,149,326.236,1,4,1,9,1,0,1,0.0177
1.86,147,1848.9,2,4,0,2,1,0,0,0.0625
1.87,150,326.236,1,4,1,9,1,0,1,0.0177
1.87,153,96.5332,3,4,1,9,1,0,1,0.0112
1.89,154,326.236,1,4,1,9,1,0,1,0.0177
1.9,152,426.989,5,4,1,9,1,0,1,0.0408
1.91,155,326.236,1,4,1,9,1,0,1,0.0177
1.93,157,326.236,1,4,1,9,1,0,1,0.0177
1.95,158,326.236,1,4,1,9,1,0,1,0.0177
1.97,159,326.236,1,4,1,9,1,0,1,0.0177
1.97,162,96.5332,3,4,1,9,1,0,1,0.0112
1.97,156,1848.9,2,4,1,9,1,0,0,0.0735
1.99,163,326.236,1,4,1,9,1,0,1,0.0177
2,161,426.989,5,4,1,9,1,0,1,0.0408
2,161,2275.68,5,2,0,0,1,0,1,0.0398
2.01,164,1522.67,1,2,0,2,1,0,1,0.0177
2.03,166,1522.67,1,2,1,9,1,0,1,0.0177
2.05,167,1522.67,1,2,0,2,1,0,1,0.0177
2.06,169,1848.9,4,2,1,9,1,0,0,0.0116
2.07,168,1522.67,1,2,0,2,1,0,1,0.0177
2.07,171,1944.07,3,2,0,0,1,0,1,0.0103
2.09,172,1522.67,1,2,1,9,1,0,1,0.0177
2.1,170,2275.68,5,2,0,0,1,0,1,0.0398
2.11,173,1522.67,1,2,1,9,1,0,1,0.0177
2.13,175,1522.67,1,2,1,9,1,0,1,0.0177
2.15,176,1522.67,1,2,1,9,1,0,1,0.0177
2.17,177,1522.67,1,2,1,9,1,0,1,0.0177
2.17,179,2275.68,5,2,0,0,1,0,0,0.0078
2.17,180,1944.07,3,2,0,0,1,0,1,0.0103
2.19,181,1522.67,1,2,1,9,1,0,1,0.0177
2.2,178,1848.9,4,2,1,9,1,0,0,0.0486
2.21,182,1522.67,1,2,0,2,1,0,1,0.0177
2.23,184,1522.67,1,2,0,2,1,0,0,0.0207
2.25,185,1522.67,1,2,0,2,1,0,1,0.0207
2.27,188,2275.68,5,2,0,0,1,0,1,0.0078
2.27,186,1522.67,1,2,0,2,1,0,1,0.0207
2.27,189,1944.07,3,2,0,0,1,0,1,0.0103
2.29,190,1522.67,1,2,0,2,1,0,1,0.0207
2.31,191,1522.67,1,2,1,9,1,0,1,0.0207
2.33,193,1522.67,1,2,1,9,1,0,1,0.0207
2.34,187,1848.9,4,2,1,9,1,0,0,0.0916
2.35,194,1522.67,1,2,1,9,1,0,1,0.0207
2.37,197,2275.68,5,2,0,0,1,0,1,0.0078
2.37,195,1522.67,1,2,1,9,1,0,1,0.0207
2.37,198,1944.07,3,2,0,2,1,0,1,0.0112
2.39,199,1522.67,1,2,1,9,1,0,1,0.0207
2.41,196,1848.9,4,2,1,9,1,0,0,0.0526
2.41,200,1522.67,1,2,0,0,1,0,1,0.0198
2.43,202,1522.67,1,2,0,0,1,0,1,0.0198
2.45,203,1522.67,1,2,0,0,1,0,1,0.0198
2.47,206,2275.68,5,2,1,9,1,0,1,0.0088
2.47,204,1522.67,1,2,0,0,1,0,1,0.0198
2.47,207,1944.07,3,2,0,0,1,0,1,0.0103
2.49,208,1522.67,1,2,0,0,1,0,1,0.0198
2.51,209,1522.67,1,2,0,2,1,0,1,0.0207
2.52,205,1848.9,4,2,0,2,1,0,0,0.0676
2.53,211,1522.67,1,2,0,2,1,0,1,0.0207
2.55,212,1522.67,1,2,1,9,1,0,1,0.0207
2.57,215,2275.68,5,2,1,9,1,0,1,0.0088
2.57,213,1522.67,1,2,0,2,1,0,1,0.0207
2.57,216,1944.07,3,2,0,2,1,0,1,0.0112
2.59,217,1522.67,1,2,0,2,1,0,1,0.0207
2.61,218,1522.67,1,2,1,9,1,0,1,0.0207
2.63,220,1522.67,1,2,0,2,1,0,1,0.0207
2.64,214,1848.9,4,2,1,9,1,0,0,0.0866
2.65,221,1522.67,1,2,1,9,1,0,1,0.0207
2.67,224,2275.68,5,2,0,0,1,0,1,0.0078
2.67,222,1522.67,1,2,0,2,1,0,1,0.0207
2.69,226,1522.67,1,2,0,2,1,0,1,0.0207
2.71,227,1522.67,1,2,0,2,1,0,1,0.0207
2.73,229,1522.67,1,2,1,9,1,0,1,0.0207
2.74,223,1848.9,4,2,1,9,1,0,0,0.0886
2.75,230,1522.67,1,2,0,2,1,0,1,0.0207
2.76,225,1944.07,3,2,0,0,1,0,0,0.0963
2.77,233,2275.68,5,2,0,0,1,0,1,0.0078
2.77,231,1522.67,1,2,1,9,1,0,1,0.0207
2.79,235,1522.67,1,2,1,9,1,0,1,0.0207
2.79,232,1848.9,4,2,1,9,1,0,0,0.0406
2.81,236,1522.67,1,2,0,0,1,0,1,0.0198
2.82,238,1522.67,1,2,0,0,1,0,0,0.0158
2.84,239,1522.67,1,2,0,0,1,0,1,0.0158
2.86,234,1944.07,3,2,1,9,1,0,1,0.0972
2.86,240,1522.67,1,2,0,0,1,0,1,0.0158
2.87,242,2275.68,5,2,0,0,1,0,1,0.0078
2.87,241,1848.9,4,2,1,9,1,0,0,0.0156
2.88,244,1522.67,1,2,0,0,1,0,1,0.0158
2.9,245,1522.67,1,2,1,9,1,0,1,0.0167
2.92,247,1522.67,1,2,1,9,1,0,1,0.0167
2.94,248,1522.67,1,2,1,9,1,0,1,0.0167
2.96,243,1944.07,3,2,0,0,1,0,1,0.0963
2.96,249,1522.67,1,2,1,9,1,0,1,0.0167
2.97,251,2275.68,5,2,0,0,1,0,1,0.0078
2.98,250,1848.9,4,2,0,2,1,0,0,0.0286
2.98,253,1522.67,1,2,1,9,1,0,1,0.0167
3,254,1522.67,1,2,0,0,1,0,1,0.0158
3.02,256,1522.67,1,2,0,0,1,0,1,0.0158
3.04,257,1522.67,1,2,0,0,1,0,1,0.0158
3.06,252,1944.07,3,2,0,0,1,0,1,0.0963
3.06,258,1522.67,1,2,0,0,1,0,1,0.0158
3.07,260,2275.68,5,2,0,0,1,0,1,0.0078
3.08,259,1848.9,4,2,0,0,1,0,0,0.0256
3.08,262,1522.67,1,2,0,0,1,0,1,0.0158
3.1,263,1522.67,1,2,0,0,1,0,1,0.0158
3.12,265,1522.67,1,2,0,0,1,0,1,0.0158
3.14,266,1522.67,1,2,0,0,1,0,1,0.0158
3.16,261,1944.07,3,2,0,0,1,0,1,0.0963
3.16,267,1522.67,1,2,0,0,1,0,1,0.0158
3.17,269,2275.68,5,2,0,0,1,0,1,0.0078
3.17,268,1848.9,4,2,1,9,1,0,0,0.0156
3.18,271,1522.67,1,2,0,0,1,0,1,0.0158
3.2,272,1522.67,1,2,0,0,1,0,1,0.0158
3.22,274,1522.67,1,2,0,0,1,0,1,0.0158
3.24,275,1522.67,1,2,0,0,1,0,1,0.0158
3.26,270,1944.07,3,2,0,0,1,0,1,0.0963
3.26,276,1522.67,1,2,0,0,1,0,1,0.0158
3.27,278,2275.68,5,2,0,0,1,0,1,0.0078
3.28,280,1522.67,1,2,0,0,1,0,1,0.0158
3.3,277,1848.9,4,2,0,0,1,0,0,0.0486
3.3,281,1522.67,1,2,0,2,1,0,1,0.0167
3.32,283,1522.67,1,2,1,9,1,0,1,0.0167
3.34,284,1522.67,1,2,0,2,1,0,1,0.0167
3.36,279,1944.07,3,2,0,0,1,0,1,0.0963
3.36,285,1522.67,1,2,1,9,1,0,1,0.0167
3.37,287,2275.68,5,2,0,2,1,0,1,0.0088
3.38,289,1522.67,1,2,1,9,1,0,1,0.0167
3.4,290,1522.67,1,2,0,0,1,0,1,0.0158
3.42,288,1944.07,3,2,0,0,1,0,0,0.0543
3.42,292,1522.67,1,2,0,0,1,0,1,0.0158
3.44,293,1522.67,1,2,0,0,1,0,1,0.0158
3.45,286,1848.9,4,2,0,0,1,0,0,0.0926
3.46,294,1522.67,1,2,0,0,1,0,1,0.0158
3.47,296,2275.68,5,2,0,0,1,0,1,0.0078
3.48,295,1848.9,4,2,0,0,1,0,0,0.0286
3.48,298,1522.67,1,2,0,0,1,0,1,0.0158
3.5,299,1522.67,1,2,0,1,1,0,1,0.0158
3.52,297,1944.07,3,2,0,0,1,0,1,0.0543
3.52,301,1522.67,1,2,0,2,1,0,1,0.0167
3.54,302,1522.67,1,2,1,9,1,0,1,0.0167
3.56,303,1522.67,1,2,0,2,1,0,1,0.0167
3.58,304,1848.9,4,2,1,9,1,0,0,0.0286
3.58,307,1522.67,1,2,1,9,1,0,1,0.0167
3.6,308,1522.67,1,2,0,0,1,0,1,0.0158
3.62,306,1944.07,3,2,0,0,1,0,1,0.0543
3.62,305,2275.68,5,2,0,0,1,0,0,0.0638
3.62,310,1522.67,1,2,0,0,1,0,1,0.0158
3.64,311,1522.67,1,2,0,0,1,0,1,0.0158
3.66,312,1522.67,1,2,0,0,1,0,1,0.0158
3.68,316,1522.67,1,2,0,0,1,0,1,0.0158
3.7,317,1522.67,1,2,0,2,1,0,1,0.0167
3.72,315,1944.07,3,2,0,0,1,0,1,0.0543
3.72,314,2275.68,5,2,0,0,1,0,1,0.0638
3.72,319,1522.67,1,2,0,2,1,0,1,0.0167
3.74,320,1522.67,1,2,0,2,1,0,1,0.0167
3.74,313,1848.9,4,2,0,2,1,0,0,0.0916
3.76,321,1522.67,1,2,0,2,1,0,1,0.0167
3.78,325,1522.67,1,2,0,2,1,0,1,0.0167
3.8,326,1522.67,1,2,1,9,1,0,1,0.0167
3.82,324,1944.07,3,2,0,0,1,0,1,0.0543
3.82,323,2275.68,5,2,0,2,1,0,1,0.0648
3.82,328,1522.67,1,2,0,2,1,0,1,0.0167
3.83,322,1848.9,4,2,1,9,1,0,0,0.0796
3.84,329,1522.67,1,2,0,2,1,0,1,0.0167
3.86,330,1522.67,1,2,1,9,1,0,1,0.0167
3.87,331,1848.9,4,2,1,9,1,0,0,0.0206
3.88,334,1522.67,1,2,0,2,1,0,1,0.0167
3.9,335,1522.67,1,2,0,0,1,0,1,0.0158
3.92,333,1944.07,3,2,1,9,1,0,1,0.0552
3.92,332,2275.68,5,2,0,2,1,0,1,0.0648
3.92,337,1522.67,1,2,0,0,1,0,1,0.0158
3.94,338,1522.67,1,2,0,0,1,0,1,0.0158
3.96,339,1522.67,1,2,0,0,1,0,1,0.0158
3.98,343,1522.67,1,2,0,0,1,0,1,0.0158
3.99,340,1848.9,4,2,0,2,1,0,0,0.0406
4,344,1522.67,1,2,0,0,1,0,1,0.0158
2,161,331.647,5,3,1,9,1,0,1,0.0408
2.01,164,421.58,1,3,1,9,1,0,1,0.0177
2.02,165,1944.07,2,3,0,0,1,0,0,0.0216
2.03,166,421.58,1,3,1,9,1,0,1,0.0177
2.05,167,421.58,1,3,1,9,1,0,1,0.0177
2.06,169,96.5332,4,3,1,9,1,0,0,0.0116
2.07,168,421.58,1,3,1,9,1,0,1,0.0177
2.09,172,421.58,1,3,1,9,1,0,1,0.0177
2.1,170,331.647,5,3,1,9,1,0,1,0.0408
2.11,173,421.58,1,3,1,9,1,0,1,0.0177
2.13,175,421.58,1,3,1,9,1,0,1,0.0177
2.15,176,421.58,1,3,1,9,1,0,1,0.0177
2.16,174,1944.07,2,3,0,0,1,0,0,0.0626
2.17,177,421.58,1,3,1,9,1,0,1,0.0177
2.17,179,331.647,5,3,1,9,1,0,0,0.0088
2.19,181,421.58,1,3,1,9,1,0,1,0.0177
2.2,178,96.5332,4,3,1,9,1,0,0,0.0486
2.21,182,421.58,1,3,1,9,1,0,1,0.0177
2.23,184,421.58,1,3,1,9,1,0,0,0.0207
2.25,185,421.58,1,3,1,9,1,0,1,0.0207
2.27,188,331.647,5,3,1,9,1,0,1,0.0088
2.27,186,421.58,1,3,1,9,1,0,1,0.0207
2.29,190,421.58,1,3,1,9,1,0,1,0.0207
2.29,183,1944.07,2,3,0,0,1,0,0,0.0876
2.31,191,421.58,1,3,1,9,1,0,1,0.0207
2.33,193,421.58,1,3,1,9,1,0,1,0.0207
2.34,187,96.5332,4,3,1,9,1,0,0,0.0916
2.35,194,421.58,1,3,1,9,1,0,1,0.0207
2.37,192,1944.07,2,3,0,2,1,0,0,0.0645
2.37,197,331.647,5,3,1,9,1,0,1,0.0088
2.37,195,421.58,1,3,1,9,1,0,1,0.0207
2.39,199,421.58,1,3,1,9,1,0,1,0.0207
2.41,196,96.5332,4,3,1,9,1,0,0,0.0526
2.41,200,421.58,1,3,1,9,1,0,1,0.0207
2.43,201,1944.07,2,3,0,0,1,0,0,0.0246
2.43,202,421.58,1,3,1,9,1,0,1,0.0207
2.45,203,421.58,1,3,1,9,1,0,1,0.0207
2.47,206,331.647,5,3,1,9,1,0,1,0.0088
2.47,204,421.58,1,3,1,9,1,0,1,0.0207
2.49,208,421.58,1,3,1,9,1,0,1,0.0207
2.51,209,421.58,1,3,1,9,1,0,1,0.0207
2.52,205,96.5332,4,3,1,9,1,0,0,0.0676
2.53,211,421.58,1,3,1,9,1,0,1,0.0207
2.55,212,421.58,1,3,1,9,1,0,1,0.0207
2.57,215,331.647,5,3,1,9,1,0,1,0.0088
2.57,213,421.58,1,3,1,9,1,0,1,0.0207
2.59,210,1944.07,2,3,1,9,1,0,0,0.0845
2.59,217,421.58,1,3,1,9,1,0,1,0.0207
2.61,218,421.58,1,3,1,9,1,0,1,0.0207
2.63,220,421.58,1,3,1,9,1,0,1,0.0207
2.64,214,96.5332,4,3,1,9,1,0,0,0.0866
2.65,221,421.58,1,3,1,9,1,0,1,0.0207
2.67,224,331.647,5,3,1,9,1,0,1,0.0088
2.67,222,421.58,1,3,1,9,1,0,1,0.0207
2.68,219,1944.07,2,3,0,2,1,0,0,0.0795
2.69,226,421.58,1,3,1,9,1,0,1,0.0207
2.71,227,421.58,1,3,1,9,1,0,1,0.0207
2.73,229,421.58,1,3,1,9,1,0,1,0.0207
2.74,223,96.5332,4,3,1,9,1,0,0,0.0886
2.75,230,421.58,1,3,1,9,1,0,1,0.0207
2.77,233,331.647,5,3,1,9,1,0,1,0.0088
2.77,231,421.58,1,3,1,9,1,0,1,0.0207
2.78,228,1944.07,2,3,0,0,1,0,0,0.0816
2.79,235,421.58,1,3,1,9,1,0,1,0.0207
2.79,232,96.5332,4,3,1,9,1,0,0,0.0406
2.81,236,421.58,1,3,1,9,1,0,1,0.0207
2.82,238,421.58,1,3,1,9,1,0,0,0.0167
2.84,239,421.58,1,3,1,9,1,0,1,0.0167
2.86,240,421.58,1,3,1,9,1,0,1,0.0167
2.87,242,331.647,5,3,1,9,1,0,1,0.0088
2.87,241,96.5332,4,3,1,9,1,0,0,0.0156
2.87,237,1944.07,2,3,1,9,1,0,0,0.0735
2.88,244,421.58,1,3,1,9,1,0,1,0.0167
2.9,245,421.58,1,3,1,9,1,0,1,0.0167
2.92,247,421.58,1,3,1,9,1,0,1,0.0167
2.94,246,1944.07,2,3,0,0,1,0,0,0.0346
2.94,248,421.58,1,3,1,9,1,0,1,0.0167
2.96,249,421.58,1,3,1,9,1,0,1,0.0167
2.97,251,331.647,5,3,1,9,1,0,1,0.0088
2.98,250,96.5332,4,3,1,9,1,0,0,0.0286
2.98,253,421.58,1,3,1,9,1,0,1,0.0167
3,254,421.58,1,3,1,9,1,0,1,0.0167
3.02,256,421.58,1,3,1,9,1,0,1,0.0167
3.04,257,421.58,1,3,1,9,1,0,1,0.0167
3.06,258,421.58,1,3,1,9,1,0,1,0.0167
3.07,260,331.647,5,3,1,9,1,0,1,0.0088
3.08,259,96.5332,4,3,1,9,1,0,0,0.0266
3.08,262,421.58,1,3,1,9,1,0,1,0.0167
3.09,255,1944.07,2,3,0,0,1,0,0,0.0856
3.1,263,421.58,1,3,1,9,1,0,1,0.0167
3.12,265,421.58,1,3,1,9,1,0,1,0.0167
3.14,266,421.58,1,3,1,9,1,0,1,0.0167
3.16,267,421.58,1,3,1,9,1,0,1,0.0167
3.17,264,1944.07,2,3,0,0,1,0,0,0.0646
3.17,269,331.647,5,3,1,9,1,0,1,0.0088
3.17,268,96.5332,4,3,1,9,1,0,0,0.0156
3.18,271,421.58,1,3,1,9,1,0,1,0.0167
3.2,272,421.58,1,3,1,9,1,0,1,0.0167
3.22,274,421.58,1,3,1,9,1,0,1,0.0167
3.24,275,421.58,1,3,1,9,1,0,1,0.0167
3.25,273,1944.07,2,3,0,0,1,0,0,0.0496
3.26,276,421.58,1,3,1,9,1,0,1,0.0167
3.27,278,331.647,5,3,1,9,1,0,1,0.0088
3.28,280,421.58,1,3,1,9,1,0,1,0.0167
3.3,277,96.5332,4,3,1,9,1,0,0,0.0496
3.3,281,421.58,1,3,1,9,1,0,1,0.0167
3.31,282,1944.07,2,3,0,0,1,0,0,0.0106
3.32,283,421.58,1,3,1,9,1,0,1,0.0167
3.34,284,421.58,1,3,1,9,1,0,1,0.0167
3.36,285,421.58,1,3,1,9,1,0,1,0.0167
3.37,287,331.647,5,3,1,9,1,0,1,0.0088
3.38,289,421.58,1,3,1,9,1,0,1,0.0167
3.4,290,421.58,1,3,1,9,1,0,1,0.0167
3.42,292,421.58,1,3,1,9,1,0,1,0.0167
3.43,291,1944.07,2,3,0,0,1,0,0,0.0276
3.44,293,421.58,1,3,1,9,1,0,1,0.0167
3.45,286,96.5332,4,3,1,9,1,0,0,0.0936
3.46,294,421.58,1,3,1,9,1,0,1,0.0167
3.47,296,331.647,5,3,1,9,1,0,1,0.0088
3.48,295,96.5332,4,3,1,9,1,0,0,0.0296
3.48,298,421.58,1,3,1,9,1,0,1,0.0167
3.5,300,1944.07,2,3,0,0,1,0,0,0.0026
3.5,299,421.58,1,3,1,9,1,0,1,0.0167
3.52,301,421.58,1,3,1,9,1,0,1,0.0167
3.54,302,421.58,1,3,1,9,1,0,1,0.0167
3.56,303,421.58,1,3,1,9,1,0,1,0.0167
3.58,304,96.5332,4,3,1,9,1,0,0,0.0286
3.58,307,421.58,1,3,1,9,1,0,1,0.0167
3.6,308,421.58,1,3,1,9,1,0,1,0.0167
3.62,305,331.647,5,3,1,9,1,0,0,0.0648
3.62,310,421.58,1,3,1,9,1,0,1,0.0167
3.64,311,421.58,1,3,1,9,1,0,1,0.0167
3.66,312,421.58,1,3,1,9,1,0,1,0.0167
3.67,309,1944.07,2,3,0,0,1,0,0,0.0636
3.68,316,421.58,1,3,1,9,1,0,1,0.0167
3.7,317,421.58,1,3,1,9,1,0,1,0.0167
3.71,318,1944.07,2,3,0,0,1,0,0,0.0096
3.72,314,331.647,5,3,1,9,1,0,1,0.0648
3.72,319,421.58,1,3,1,9,1,0,1,0.0167
3.74,320,421.58,1,3,1,9,1,0,1,0.0167
3.74,313,96.5332,4,3,1,9,1,0,0,0.0916
3.76,321,421.58,1,3,1,9,1,0,1,0.0167
3.78,325,421.58,1,3,1,9,1,0,1,0.0167
3.8,326,421.58,1,3,1,9,1,0,1,0.0167
3.82,323,331.647,5,3,1,9,1,0,1,0.0648
3.82,328,421.58,1,3,1,9,1,0,1,0.0167
3.83,322,96.5332,4,3,1,9,1,0,0,0.0796
3.84,329,421.58,1,3,1,9,1,0,1,0.0167
3.86,330,421.58,1,3,1,9,1,0,1,0.0167
3.87,331,96.5332,4,3,1,9,1,0,0,0.0206
3.88,334,421.58,1,3,1,9,1,0,1,0.0167
3.89,327,1944.07,2,3,0,0,1,0,0,0.0896
3.9,335,421.58,1,3,1,9,1,0,1,0.0167
3.92,336,1944.07,2,3,1,9,1,0,0,0.0195
3.92,332,331.647,5,3,1,9,1,0,1,0.0648
3.92,337,421.58,1,3,1,9,1,0,1,0.0167
3.94,338,421.58,1,3,1,9,1,0,1,0.0167
3.96,339,421.58,1,3,1,9,1,0,1,0.0167
3.98,343,421.58,1,3,1,9,1,0,1,0.0167
3.99,340,96.5332,4,3,1,9,1,0,0,0.0406
4,344,421.58,1,3,1,9,1,0,1,0.0167
2.01,164,326.236,1,4,1,9,1,0,1,0.0177
2.02,165,1848.9,2,4,1,9,1,0,0,0.0225
2.03,166,326.236,1,4,1,9,1,0,1,0.0177
2.05,167,326.236,1,4,1,9,1,0,1,0.0177
2.07,168,326.236,1,4,1,9,1,0,1,0.0177
2.07,171,96.5332,3,4,1,9,1,0,1,0.0112
2.09,172,326.236,1,4,1,9,1,0,1,0.0177
2.1,170,426.989,5,4,1,9,1,0,1,0.0408
2.11,173,326.236,1,4,1,9,1,0,1,0.0177
2.13,175,326.236,1,4,1,9,1,0,1,0.0177
2.15,176,326.236,1,4,1,9,1,0,1,0.0177
2.16,174,1848.9,2,4,0,2,1,0,0,0.0635
2.17,177,326.236,1,4,1,9,1,0,1,0.0177
2.17,179,426.989,5,4,1,9,1,0,0,0.0088
2.17,180,96.5332,3,4,1,9,1,0,1,0.0112
2.19,181,326.236,1,4,1,9,1,0,1,0.0177
2.21,182,326.236,1,4,1,9,1,0,1,0.0177
2.23,184,326.236,1,4,1,9,1,0,0,0.0207
2.25,185,326.236,1,4,1,9,1,0,1,0.0207
2.27,188,426.989,5,4,1,9,1,0,1,0.0088
2.27,186,326.236,1,4,1,9,1,0,1,0.0207
2.27,189,96.5332,3,4,1,9,1,0,1,0.0112
2.29,190,326.236,1,4,1,9,1,0,1,0.0207
2.29,183,1848.9,2,4,1,9,1,0,0,0.0885
2.31,191,326.236,1,4,1,9,1,0,1,0.0207
2.33,193,326.236,1,4,1,9,1,0,1,0.0207
2.35,194,326.236,1,4,1,9,1,0,1,0.0207
2.37,192,1848.9,2,4,1,9,1,0,0,0.0645
2.37,197,426.989,5,4,1,9,1,0,1,0.0088
2.37,195,326.236,1,4,1,9,1,0,1,0.0207
2.37,198,96.5332,3,4,1,9,1,0,1,0.0112
2.39,199,326.236,1,4,1,9,1,0,1,0.0207
2.41,200,326.236,1,4,1,9,1,0,1,0.0207
2.43,201,1848.9,2,4,1,9,1,0,0,0.0255
2.43,202,326.236,1,4,1,9,1,0,1,0.0207
2.45,203,326.236,1,4,1,9,1,0,1,0.0207
2.47,206,426.989,5,4,1,9,1,0,1,0.0088
2.47,204,326.236,1,4,1,9,1,0,1,0.0207
2.47,207,96.5332,3,4,1,9,1,0,1,0.0112
2.49,208,326.236,1,4,1,9,1,0,1,0.0207
2.51,209,326.236,1,4,1,9,1,0,1,0.0207
2.53,211,326.236,1,4,1,9,1,0,1,0.0207
2.55,212,326.236,1,4,1,9,1,0,1,0.0207
2.57,215,426.989,5,4,1,9,1,0,1,0.0088
2.57,213,326.236,1,4,1,9,1,0,1,0.0207
2.57,216,96.5332,3,4,1,9,1,0,1,0.0112
2.59,210,1848.9,2,4,1,9,1,0,0,0.0845
2.59,217,326.236,1,4,1,9,1,0,1,0.0207
2.61,218,326.236,1,4,1,9,1,0,1,0.0207
2.63,220,326.236,1,4,1,9,1,0,1,0.0207
2.65,221,326.236,1,4,1,9,1,0,1,0.0207
2.67,224,426.989,5,4,1,9,1,0,1,0.0088
2.67,222,326.236,1,4,1,9,1,0,1,0.0207
2.68,219,1848.9,2,4,0,2,1,0,0,0.0795
2.69,226,326.236,1,4,1,9,1,0,1,0.0207
2.71,227,326.236,1,4,1,9,1,0,1,0.0207
2.73,229,326.236,1,4,1,9,1,0,1,0.0207
2.75,230,326.236,1,4,1,9,1,0,1,0.0207
2.76,225,96.5332,3,4,1,9,1,0,0,0.0972
2.77,233,426.989,5,4,1,9,1,0,1,0.0088
2.77,231,326.236,1,4,1,9,1,0,1,0.0207
2.78,228,1848.9,2,4,1,9,1,0,0,0.0825
2.79,235,326.236,1,4,1,9,1,0,1,0.0207
2.81,236,326.236,1,4,1,9,1,0,1,0.0207
2.82,238,326.236,1,4,1,9,1,0,0,0.0167
2.84,239,326.236,1,4,1,9,1,0,1,0.0167
2.86,234,96.5332,3,4,1,9,1,0,1,0.0972
2.86,240,326.236,1,4,1,9,1,0,1,0.0167
2.87,242,426.989,5,4,1,9,1,0,1,0.0088
2.87,237,1848.9,2,4,1,9,1,0,0,0.0735
2.88,244,326.236,1,4,1,9,1,0,1,0.0167
2.9,245,326.236,1,4,1,9,1,0,1,0.0167
2.92,247,326.236,1,4,1,9,1,0,1,0.0167
2.94,246,1848.9,2,4,0,2,1,0,0,0.0355
2.94,248,326.236,1,4,1,9,1,0,1,0.0167
2.96,243,96.5332,3,4,1,9,1,0,1,0.0972
2.96,249,326.236,1,4,1,9,1,0,1,0.0167
2.97,251,426.989,5,4,1,9,1,0,1,0.0088
2.98,253,326.236,1,4,1,9,1,0,1,0.0167
3,254,326.236,1,4,1,9,1,0,1,0.0167
3.02,256,326.236,1,4,1,9,1,0,1,0.0167
3.04,257,326.236,1,4,1,9,1,0,1,0.0167
3.06,252,96.5332,3,4,1,9,1,0,1,0.0972
3.06,258,326.236,1,4,1,9,1,0,1,0.0167
3.07,260,426.989,5,4,1,9,1,0,1,0.0088
3.08,262,326.236,1,4,1,9,1,0,1,0.0167
3.09,255,1848.9,2,4,0,0,1,0,0,0.0856
3.1,263,326.236,1,4,1,9,1,0,1,0.0167
3.12,265,326.236,1,4,1,9,1,0,1,0.0167
3.14,266,326.236,1,4,1,9,1,0,1,0.0167
3.16,261,96.5332,3,4,1,9,1,0,1,0.0972
3.16,267,326.236,1,4,1,9,1,0,1,0.0167
3.17,264,1848.9,2,4,1,9,1,0,0,0.0655
3.17,269,426.989,5,4,1,9,1,0,1,0.0088
3.18,271,326.236,1,4,1,9,1,0,1,0.0167
3.2,272,326.236,1,4,1,9,1,0,1,0.0167
3.22,274,326.236,1,4,1,9,1,0,1,0.0167
3.24,275,326.236,1,4,1,9,1,0,1,0.0167
3.25,273,1848.9,2,4,1,9,1,0,0,0.0505
3.26,270,96.5332,3,4,1,9,1,0,1,0.0972
3.26,276,326.236,1,4,1,9,1,0,1,0.0167
3.27,278,426.989,5,4,1,9,1,0,1,0.0088
3.28,280,326.236,1,4,1,9,1,0,1,0.0167
3.3,281,326.236,1,4,1,9,1,0,1,0.0167
3.31,282,1848.9,2,4,0,0,1,0,0,0.0106
3.32,283,326.236,1,4,1,9,1,0,1,0.0167
3.34,284,326.236,1,4,1,9,1,0,1,0.0167
3.36,279,96.5332,3,4,1,9,1,0,1,0.0972
3.36,285,326.236,1,4,1,9,1,0,1,0.0167
3.37,287,426.989,5,4,1,9,1,0,1,0.0088
3.38,289,326.236,1,4,1,9,1,0,1,0.0167
3.4,290,326.236,1,4,1,9,1,0,1,0.0167
3.42,288,96.5332,3,4,1,9,1,0,0,0.0552
3.42,292,326.236,1,4,1,9,1,0,1,0.0167
3.43,291,1848.9,2,4,0,0,1,0,0,0.0276
3.44,293,326.236,1,4,1,9,1,0,1,0.0167
3.46,294,326.236,1,4,1,9,1,0,1,0.0167
3.47,296,426.989,5,4,1,9,1,0,1,0.0088
3.48,298,326.236,1,4,1,9,1,0,1,0.0167
3.5,299,326.236,1,4,1,9,1,0,1,0.0167
3.5,300,1848.9,2,4,0,3,1,0,0,0.0035
3.52,297,96.5332,3,4,1,9,1,0,1,0.0552
3.52,301,326.236,1,4,1,9,1,0,1,0.0167
3.54,302,326.236,1,4,1,9,1,0,1,0.0167
3.56,303,326.236,1,4,1,9,1,0,1,0.0167
3.58,307,326.236,1,4,1,9,1,0,1,0.0167
3.6,308,326.236,1,4,1,9,1,0,1,0.0167
3.62,306,96.5332,3,4,1,9,1,0,1,0.0552
3.62,305,426.989,5,4,1,9,1,0,0,0.0648
3.62,310,326.236,1,4,1,9,1,0,1,0.0167
3.64,311,326.236,1,4,1,9,1,0,1,0.0167
3.66,312,326.236,1,4,1,9,1,0,1,0.0167
3.67,309,1848.9,2,4,1,9,1,0,0,0.0645
3.68,316,326.236,1,4,1,9,1,0,1,0.0167
3.7,317,326.236,1,4,1,9,1,0,1,0.0167
3.71,318,1848.9,2,4,0,2,1,0,0,0.0105
3.72,315,96.5332,3,4,1,9,1,0,1,0.0552
3.72,314,426.989,5,4,1,9,1,0,1,0.0648
3.72,319,326.236,1,4,1,9,1,0,1,0.0167
3.74,320,326.236,1,4,0,1,1,0,1,0.0158
3.76,321,326.236,1,4,1,9,1,0,1,0.0167
3.78,325,326.236,1,4,1,9,1,0,1,0.0167
3.8,326,326.236,1,4,1,9,1,0,1,0.0167
3.82,324,96.5332,3,4,1,9,1,0,1,0.0552
3.82,323,426.989,5,4,1,9,1,0,1,0.0648
3.82,328,326.236,1,4,1,9,1,0,1,0.0167
3.84,329,326.236,1,4,1,9,1,0,1,0.0167
3.86,330,326.236,1,4,1,9,1,0,1,0.0167
3.88,334,326.236,1,4,1,9,1,0,1,0.0167
3.89,327,1848.9,2,4,1,9,1,0,0,0.0905
3.9,335,326.236,1,4,1,9,1,0,1,0.0167
3.92,333,96.5332,3,4,1,9,1,0,1,0.0552
3.92,336,1848.9,2,4,0,2,1,0,0,0.0195
3.92,332,426.989,5,4,1,9,1,0,1,0.0648
3.92,337,326.236,1,4,1,9,1,0,1,0.0167
3.94,338,326.236,1,4,1,9,1,0,1,0.0167
3.96,339,326.236,1,4,1,9,1,0,1,0.0167
3.98,343,326.236,1,4,1,9,1,0,1,0.0167
4,344,326.236,1,4,1,9,1,0,1,0.0167
2.01,164,753.074,1,5,1,9,1,0,1,0.0177
2.02,165,2275.68,2,5,0,0,1,0,0,0.0216
2.03,166,753.074,1,5,1,9,1,0,1,0.0177
2.05,167,753.074,1,5,1,9,1,0,1,0.0177
2.06,169,426.989,4,5,1,9,1,0,0,0.0116
2.07,168,753.074,1,5,1,9,1,0,1,0.0177
2.07,171,331.647,3,5,1,9,1,0,1,0.0112
2.09,172,753.074,1,5,1,9,1,0,1,0.0177
2.11,173,753.074,1,5,1,9,1,0,1,0.0177
2.13,175,753.074,1,5,1,9,1,0,1,0.0177
2.15,176,753.074,1,5,1,9,1,0,1,0.0177
2.16,174,2275.68,2,5,0,0,1,0,0,0.0626
2.17,177,753.074,1,5,1,9,1,0,1,0.0177
2.17,180,331.647,3,5,1,9,1,0,1,0.0112
2.19,181,753.074,1,5,1,9,1,0,1,0.0177
2.2,178,426.989,4,5,1,9,1,0,0,0.0486
2.21,182,753.074,1,5,1,9,1,0,1,0.0177
2.23,184,753.074,1,5,1,9,1,0,0,0.0207
2.25,185,753.074,1,5,1,9,1,0,1,0.0207
2.27,186,753.074,1,5,1,9,1,0,1,0.0207
2.27,189,331.647,3,5,1,9,1,0,1,0.0112
2.29,190,753.074,1,5,1,9,1,0,1,0.0207
2.29,183,2275.68,2,5,0,0,1,0,0,0.0876
2.31,191,753.074,1,5,1,9,1,0,1,0.0207
2.33,193,753.074,1,5,1,9,1,0,1,0.0207
2.34,187,426.989,4,5,1,9,1,0,0,0.0916
2.35,194,753.074,1,5,1,9,1,0,1,0.0207
2.37,192,2275.68,2,5,0,0,1,0,0,0.0636
2.37,195,753.074,1,5,1,9,1,0,1,0.0207
2.37,198,331.647,3,5,1,9,1,0,1,0.0112
2.39,199,753.074,1,5,1,9,1,0,1,0.0207
2.41,196,426.989,4,5,1,9,1,0,0,0.0526
2.41,200,753.074,1,5,1,9,1,0,1,0.0207
2.43,201,2275.68,2,5,0,2,1,0,0,0.0255
2.43,202,753.074,1,5,1,9,1,0,1,0.0207
2.45,203,753.074,1,5,1,9,1,0,1,0.0207
2.47,204,753.074,1,5,1,9,1,0,1,0.0207
2.47,207,331.647,3,5,1,9,1,0,1,0.0112
2.49,208,753.074,1,5,1,9,1,0,1,0.0207
2.51,209,753.074,1,5,1,9,1,0,1,0.0207
2.52,205,426.989,4,5,1,9,1,0,0,0.0676
2.53,211,753.074,1,5,1,9,1,0,1,0.0207
2.55,212,753.074,1,5,1,9,1,0,1,0.0207
2.57,213,753.074,1,5,1,9,1,0,1,0.0207
2.57,216,331.647,3,5,1,9,1,0,1,0.0112
2.59,210,2275.68,2,5,1,9,1,0,0,0.0845
2.59,217,753.074,1,5,1,9,1,0,1,0.0207
2.61,218,753.074,1,5,1,9,1,0,1,0.0207
2.63,220,753.074,1,5,1,9,1,0,1,0.0207
2.64,214,426.989,4,5,1,9,1,0,0,0.0866
2.65,221,753.074,1,5,1,9,1,0,1,0.0207
2.67,222,753.074,1,5,1,9,1,0,1,0.0207
2.68,219,2275.68,2,5,0,0,1,0,0,0.0786
2.69,226,753.074,1,5,1,9,1,0,1,0.0207
2.71,227,753.074,1,5,1,9,1,0,1,0.0207
2.73,229,753.074,1,5,1,9,1,0,1,0.0207
2.74,223,426.989,4,5,1,9,1,0,0,0.0886
2.75,230,753.074,1,5,1,9,1,0,1,0.0207
2.76,225,331.647,3,5,1,9,1,0,0,0.0972
2.77,231,753.074,1,5,1,9,1,0,1,0.0207
2.78,228,2275.68,2,5,0,0,1,0,0,0.0816
2.79,235,753.074,1,5,1,9,1,0,1,0.0207
2.79,232,426.989,4,5,1,9,1,0,0,0.0406
2.81,236,753.074,1,5,1,9,1,0,1,0.0207
2.82,238,753.074,1,5,1,9,1,0,0,0.0167
2.84,239,753.074,1,5,1,9,1,0,1,0.0167
2.86,234,331.647,3,5,1,9,1,0,1,0.0972
2.86,240,753.074,1,5,1,9,1,0,1,0.0167
2.87,241,426.989,4,5,1,9,1,0,0,0.0156
2.87,237,2275.68,2,5,0,0,1,0,0,0.0726
2.88,244,753.074,1,5,1,9,1,0,1,0.0167
2.9,245,753.074,1,5,1,9,1,0,1,0.0167
2.92,247,753.074,1,5,1,9,1,0,1,0.0167
2.94,246,2275.68,2,5,0,0,1,0,0,0.0346
2.94,248,753.074,1,5,1,9,1,0,1,0.0167
2.96,243,331.647,3,5,1,9,1,0,1,0.0972
2.96,249,753.074,1,5,1,9,1,0,1,0.0167
2.98,250,426.989,4,5,1,9,1,0,0,0.0286
2.98,253,753.074,1,5,1,9,1,0,1,0.0167
3,254,753.074,1,5,1,9,1,0,1,0.0167
3.02,256,753.074,1,5,1,9,1,0,1,0.0167
3.04,257,753.074,1,5,1,9,1,0,1,0.0167
3.06,252,331.647,3,5,1,9,1,0,1,0.0972
3.06,258,753.074,1,5,1,9,1,0,1,0.0167
3.08,259,426.989,4,5,1,9,1,0,0,0.0266
3.08,262,753.074,1,5,1,9,1,0,1,0.0167
3.09,255,2275.68,2,5,0,0,1,0,0,0.0856
3.1,263,753.074,1,5,1,9,1,0,1,0.0167
3.12,265,753.074,1,5,1,9,1,0,1,0.0167
3.14,266,753.074,1,5,1,9,1,0,1,0.0167
3.16,261,331.647,3,5,1,9,1,0,1,0.0972
3.16,267,753.074,1,5,1,9,1,0,1,0.0167
3.17,264,2275.68,2,5,0,0,1,0,0,0.0646
3.17,268,426.989,4,5,1,9,1,0,0,0.0156
3.18,271,753.074,1,5,1,9,1,0,1,0.0167
3.2,272,753.074,1,5,1,9,1,0,1,0.0167
3.22,274,753.074,1,5,1,9,1,0,1,0.0167
3.24,275,753.074,1,5,1,9,1,0,1,0.0167
3.25,273,2275.68,2,5,0,0,1,0,0,0.0496
3.26,270,331.647,3,5,1,9,1,0,1,0.0972
3.26,276,753.074,1,5,1,9,1,0,1,0.0167
3.28,280,753.074,1,5,1,9,1,0,1,0.0167
3.3,277,426.989,4,5,1,9,1,0,0,0.0496
3.3,281,753.074,1,5,1,9,1,0,1,0.0167
3.31,282,2275.68,2,5,0,2,1,0,0,0.0115
3.32,283,753.074,1,5,1,9,1,0,1,0.0167
3.34,284,753.074,1,5,1,9,1,0,1,0.0167
3.36,279,331.647,3,5,1,9,1,0,1,0.0972
3.36,285,753.074,1,5,1,9,1,0,1,0.0167
3.38,289,753.074,1,5,1,9,1,0,1,0.0167
3.4,290,753.074,1,5,1,9,1,0,1,0.0167
3.42,288,331.647,3,5,1,9,1,0,0,0.0552
3.42,292,753.074,1,5,1,9,1,0,1,0.0167
3.43,291,2275.68,2,5,0,0,1,0,0,0.0276
3.44,293,753.074,1,5,1,9,1,0,1,0.0167
3.45,286,426.989,4,5,1,9,1,0,0,0.0936
3.46,294,753.074,1,5,1,9,1,0,1,0.0167
3.48,295,426.989,4,5,1,9,1,0,0,0.0296
3.48,298,753.074,1,5,1,9,1,0,1,0.0167
3.5,300,2275.68,2,5,0,0,1,0,0,0.0026
3.5,299,753.074,1,5,1,9,1,0,1,0.0167
3.52,297,331.647,3,5,1,9,1,0,1,0.0552
3.52,301,753.074,1,5,1,9,1,0,1,0.0167
3.54,302,753.074,1,5,1,9,1,0,1,0.0167
3.56,303,753.074,1,5,1,9,1,0,1,0.0167
3.58,304,426.989,4,5,1,9,1,0,0,0.0286
3.58,307,753.074,1,5,1,9,1,0,1,0.0167
3.6,308,753.074,1,5,1,9,1,0,1,0.0167
3.62,306,331.647,3,5,1,9,1,0,1,0.0552
3.62,310,753.074,1,5,1,9,1,0,1,0.0167
3.64,311,753.074,1,5,1,9,1,0,1,0.0167
3.66,312,753.074,1,5,1,9,1,0,1,0.0167
3.67,309,2275.68,2,5,0,0,1,0,0,0.0636
3.68,316,753.074,1,5,1,9,1,0,1,0.0167
3.7,317,753.074,1,5,1,9,1,0,1,0.0167
3.71,318,2275.68,2,5,0,0,1,0,0,0.0096
3.72,315,331.647,3,5,1,9,1,0,1,0.0552
3.72,319,753.074,1,5,1,9,1,0,1,0.0167
3.74,320,753.074,1,5,1,9,1,0,1,0.0167
3.74,313,426.989,4,5,1,9,1,0,0,0.0916
3.76,321,753.074,1,5,1,9,1,0,1,0.0167
3.78,325,753.074,1,5,1,9,1,0,1,0.0167
3.8,326,753.074,1,5,1,9,1,0,1,0.0167
3.82,324,331.647,3,5,1,9,1,0,1,0.0552
3.82,328,753.074,1,5,1,9,1,0,1,0.0167
3.83,322,426.989,4,5,1,9,1,0,0,0.0796
3.84,329,753.074,1,5,1,9,1,0,1,0.0167
3.86,330,753.074,1,5,1,9,1,0,1,0.0167
3.87,331,426.989,4,5,1,9,1,0,0,0.0206
3.88,334,753.074,1,5,1,9,1,0,1,0.0167
3.89,327,2275.68,2,5,0,2,1,0,0,0.0905
3.9,335,753.074,1,5,1,9,1,0,1,0.0167
3.92,333,331.647,3,5,1,9,1,0,1,0.0552
3.92,336,2275.68,2,5,0,2,1,0,0,0.0195
3.92,337,753.074,1,5,1,9,1,0,1,0.0167
3.94,338,753.074,1,5,1,9,1,0,1,0.0167
3.96,339,753.074,1,5,1,9,1,0,1,0.0167
3.98,343,753.074,1,5,1,9,1,0,1,0.0167
3.99,340,426.989,4,5,1,9,1,0,0,0.0406
4,344,753.074,1,5,1,9,1,0,1,0.0167
2,161,753.074,5,1,1,9,1,0,1,0.0408
2.02,165,1522.67,2,1,1,9,1,0,0,0.0225
2.06,169,326.236,4,1,1,9,1,0,0,0.0116
2.07,171,421.58,3,1,1,9,1,0,1,0.0112
2.1,170,753.074,5,1,1,9,1,0,1,0.0408
2.16,174,1522.67,2,1,1,9,1,0,0,0.0635
2.17,179,753.074,5,1,1,9,1,0,0,0.0088
2.17,180,421.58,3,1,1,9,1,0,1,0.0112
2.2,178,326.236,4,1,1,9,1,0,0,0.0486
2.27,188,753.074,5,1,1,9,1,0,1,0.0088
2.27,189,421.58,3,1,1,9,1,0,1,0.0112
2.29,183,1522.67,2,1,1,9,1,0,0,0.0885
2.34,187,326.236,4,1,1,9,1,0,0,0.0916
2.37,192,1522.67,2,1,1,9,1,0,0,0.0645
2.37,197,753.074,5,1,1,9,1,0,1,0.0088
2.37,198,421.58,3,1,1,9,1,0,1,0.0112
2.41,196,326.236,4,1,1,9,1,0,0,0.0526
2.43,201,1522.67,2,1,0,0,1,0,0,0.0246
2.47,206,753.074,5,1,1,9,1,0,1,0.0088
2.47,207,421.58,3,1,1,9,1,0,1,0.0112
2.52,205,326.236,4,1,1,9,1,0,0,0.0676
2.57,215,753.074,5,1,1,9,1,0,1,0.0088
2.57,216,421.58,3,1,1,9,1,0,1,0.0112
2.59,210,1522.67,2,1,0,2,1,0,0,0.0845
2.64,214,326.236,4,1,1,9,1,0,0,0.0866
2.67,224,753.074,5,1,1,9,1,0,1,0.0088
2.68,219,1522.67,2,1,1,9,1,0,0,0.0795
2.74,223,326.236,4,1,1,9,1,0,0,0.0886
2.76,225,421.58,3,1,1,9,1,0,0,0.0972
2.77,233,753.074,5,1,1,9,1,0,1,0.0088
2.78,228,1522.67,2,1,0,2,1,0,0,0.0825
2.79,232,326.236,4,1,1,9,1,0,0,0.0406
2.86,234,421.58,3,1,1,9,1,0,1,0.0972
2.87,242,753.074,5,1,1,9,1,0,1,0.0088
2.87,241,326.236,4,1,1,9,1,0,0,0.0156
2.87,237,1522.67,2,1,0,0,1,0,0,0.0726
2.94,246,1522.67,2,1,1,9,1,0,0,0.0355
2.96,243,421.58,3,1,1,9,1,0,1,0.0972
2.97,251,753.074,5,1,1,9,1,0,1,0.0088
2.98,250,326.236,4,1,1,9,1,0,0,0.0286
3.06,252,421.58,3,1,1,9,1,0,1,0.0972
3.07,260,753.074,5,1,1,9,1,0,1,0.0088
3.08,259,326.236,4,1,1,9,1,0,0,0.0266
3.09,255,1522.67,2,1,0,0,1,0,0,0.0856
3.16,261,421.58,3,1,1,9,1,0,1,0.0972
3.17,264,1522.67,2,1,0,0,1,0,0,0.0646
3.17,269,753.074,5,1,1,9,1,0,1,0.0088
3.17,268,326.236,4,1,1,9,1,0,0,0.0156
3.25,273,1522.67,2,1,0,0,1,0,0,0.0496
3.26,270,421.58,3,1,1,9,1,0,1,0.0972
3.27,278,753.074,5,1,1,9,1,0,1,0.0088
3.3,277,326.236,4,1,1,9,1,0,0,0.0496
3.31,282,1522.67,2,1,1,9,1,0,0,0.0115
3.36,279,421.58,3,1,1,9,1,0,1,0.0972
3.37,287,753.074,5,1,1,9,1,0,1,0.0088
3.42,288,421.58,3,1,1,9,1,0,0,0.0552
3.43,291,1522.67,2,1,0,0,1,0,0,0.0276
3.45,286,326.236,4,1,1,9,1,0,0,0.0936
3.47,296,753.074,5,1,1,9,1,0,1,0.0088
3.48,295,326.236,4,1,1,9,1,0,0,0.0296
3.5,300,1522.67,2,1,0,1,1,0,0,0.0026
3.52,297,421.58,3,1,1,9,1,0,1,0.0552
3.58,304,326.236,4,1,1,9,1,0,0,0.0286
3.62,306,421.58,3,1,1,9,1,0,1,0.0552
3.62,305,753.074,5,1,1,9,1,0,0,0.0648
3.67,309,1522.67,2,1,0,0,1,0,0,0.0636
3.71,318,1522.67,2,1,0,2,1,0,0,0.0105
3.72,315,421.58,3,1,1,9,1,0,1,0.0552
3.72,314,753.074,5,1,1,9,1,0,1,0.0648
3.74,313,326.236,4,1,0,1,1,0,0,0.0906
3.82,324,421.58,3,1,1,9,1,0,1,0.0552
3.82,323,753.074,5,1,1,9,1,0,1,0.0648
3.83,322,326.236,4,1,1,9,1,0,0,0.0796
3.87,331,326.236,4,1,1,9,1,0,0,0.0206
3.89,327,1522.67,2,1,0,2,1,0,0,0.0905
3.92,333,421.58,3,1,1,9,1,0,1,0.0552
3.92,336,1522.67,2,1,0,0,1,0,0,0.0186
3.92,332,753.074,5,1,1,9,1,0,1,0.0648
3.99,340,326.236,4,1,1,9,1,0,0,0.0406
4.02,342,421.58,3,1,1,9,1,0,1,0.0552
4.01,342,1944.07,3,2,0,0,1,0,1,0.0543
4.02,341,2275.68,5,2,0,0,1,0,1,0.0638
4.02,346,1522.67,1,2,0,0,1,0,1,0.0158
4.04,347,1522.67,1,2,0,0,1,0,1,0.0158
4.06,348,1522.67,1,2,0,0,1,0,1,0.0158
4.08,352,1522.67,1,2,0,0,1,0,1,0.0158
4.1,353,1522.67,1,2,1,9,1,0,1,0.0167
4.11,355,1522.67,1,2,0,2,1,0,0,0.0067
4.12,351,1944.07,3,2,0,0,1,0,1,0.0543
4.12,350,2275.68,5,2,0,0,1,0,1,0.0638
4.13,356,1522.67,1,2,0,2,1,0,1,0.0067
4.14,349,1848.9,4,2,0,0,1,0,0,0.0886
4.15,357,1522.67,1,2,1,9,1,0,1,0.0067
4.17,360,1944.07,3,2,0,0,1,0,0,0.0093
4.17,361,1522.67,1,2,1,9,1,0,1,0.0067
4.19,362,1522.67,1,2,0,2,1,0,1,0.0067
4.2,358,1848.9,4,2,0,2,1,0,0,0.0506
4.21,364,1522.67,1,2,0,0,1,0,1,0.0058
4.22,359,2275.68,5,2,0,0,1,0,1,0.0638
4.23,365,1522.67,1,2,0,0,1,0,1,0.0058
4.25,366,1522.67,1,2,0,0,1,0,1,0.0058
4.26,367,1848.9,4,2,1,9,1,0,0,0.0106
4.27,369,1944.07,3,2,0,0,1,0,1,0.0093
4.27,370,1522.67,1,2,0,0,1,0,1,0.0058
4.29,371,1522.67,1,2,0,0,1,0,1,0.0058
4.31,373,1522.67,1,2,1,9,1,0,1,0.0067
4.32,368,2275.68,5,2,0,0,1,0,1,0.0638
4.33,374,1522.67,1,2,1,9,1,0,1,0.0067
4.35,375,1522.67,1,2,0,2,1,0,1,0.0067
4.37,378,1944.07,3,2,0,0,1,0,1,0.0093
4.37,379,1522.67,1,2,1,9,1,0,1,0.0067
4.39,380,1522.67,1,2,1,9,1,0,1,0.0067
4.41,382,1522.67,1,2,0,0,1,0,1,0.0058
4.42,377,2275.68,5,2,0,2,1,0,1,0.0648
4.43,383,1522.67,1,2,0,0,1,0,1,0.0058
4.45,376,1848.9,4,2,0,2,1,0,0,0.0986
4.45,384,1522.67,1,2,0,0,1,0,1,0.0058
4.47,387,1944.07,3,2,0,0,1,0,1,0.0093
4.47,388,1522.67,1,2,0,0,1,0,1,0.0058
4.49,389,1522.67,1,2,0,0,1,0,1,0.0058
4.51,391,1522.67,1,2,0,0,1,0,1,0.0058
4.52,386,2275.68,5,2,0,0,1,0,1,0.0638
4.53,385,1848.9,4,2,1,9,1,0,0,0.0736
4.53,392,1522.67,1,2,0,0,1,0,1,0.0058
4.55,393,1522.67,1,2,0,0,1,0,1,0.0058
4.57,396,1944.07,3,2,0,0,1,0,1,0.0093
4.57,397,1522.67,1,2,0,0,1,0,1,0.0058
4.59,398,1522.67,1,2,0,0,1,0,1,0.0058
4.61,400,1522.67,1,2,0,0,1,0,1,0.0058
4.62,395,2275.68,5,2,0,0,1,0,1,0.0638
4.63,401,1522.67,1,2,0,0,1,0,1,0.0058
4.64,394,1848.9,4,2,1,9,1,0,0,0.0916
4.65,402,1522.67,1,2,0,0,1,0,1,0.0058
4.67,405,1944.07,3,2,0,0,1,0,1,0.0093
4.67,406,1522.67,1,2,0,0,1,0,1,0.0058
4.68,403,1848.9,4,2,1,9,1,0,0,0.0286
4.69,407,1522.67,1,2,0,0,1,0,1,0.0058
4.71,409,1522.67,1,2,0,2,1,0,1,0.0067
4.72,404,2275.68,5,2,0,0,1,0,1,0.0638
4.73,410,1522.67,1,2,1,9,1,0,1,0.0067
4.76,411,1522.67,1,2,1,9,1,0,0,0.0097
4.77,414,1944.07,3,2,0,2,1,0,1,0.0102
4.78,415,1522.67,1,2,0,2,1,0,1,0.0097
4.8,416,1522.67,1,2,1,9,1,0,1,0.0097
4.82,418,1522.67,1,2,0,2,1,0,1,0.0097
4.82,413,2275.68,5,2,0,0,1,0,1,0.0638
4.84,419,1522.67,1,2,0,2,1,0,1,0.0097
4.84,412,1848.9,4,2,0,0,1,0,0,0.0906
4.86,420,1522.67,1,2,1,9,1,0,1,0.0097
4.88,424,1522.67,1,2,0,2,1,0,1,0.0097
4.9,425,1522.67,1,2,1,9,1,0,1,0.0097
4.91,423,1944.07,3,2,0,0,1,0,0,0.0493
4.92,427,1522.67,1,2,1,9,1,0,1,0.0097
4.93,422,2275.68,5,2,0,0,1,0,0,0.0698
4.94,428,1522.67,1,2,1,9,1,0,1,0.0097
4.95,421,1848.9,4,2,0,0,1,0,0,0.0946
4.96,429,1522.67,1,2,1,9,1,0,1,0.0097
4.98,433,1522.67,1,2,0,2,1,0,1,0.0097
5,434,1522.67,1,2,1,9,1,0,1,0.0097
5.01,432,1944.07,3,2,0,2,1,0,1,0.0502
5.02,436,1522.67,1,2,1,9,1,0,1,0.0097
5.03,431,2275.68,5,2,0,0,1,0,1,0.0698
5.04,437,1522.67,1,2,1,9,1,0,1,0.0097
5.05,430,1848.9,4,2,0,2,1,0,0,0.0966
5.06,438,1522.67,1,2,0,2,1,0,1,0.0097
5.06,439,1848.9,4,2,0,2,1,0,0,0.0086
5.08,442,1522.67,1,2,1,9,1,0,1,0.0097
5.1,443,1522.67,1,2,0,0,1,0,1,0.0088
5.11,441,1944.07,3,2,0,0,1,0,1,0.0493
5.12,445,1522.67,1,2,0,0,1,0,1,0.0088
5.13,440,2275.68,5,2,0,2,1,0,1,0.0708
5.14,446,1522.67,1,2,0,0,1,0,1,0.0088
5.16,447,1522.67,1,2,0,0,1,0,1,0.0088
5.18,451,1522.67,1,2,0,0,1,0,1,0.0088
5.2,452,1522.67,1,2,1,9,1,0,1,0.0097
5.21,450,1944.07,3,2,0,0,1,0,1,0.0493
5.22,454,1522.67,1,2,1,9,1,0,1,0.0097
5.23,449,2275.68,5,2,0,0,1,0,1,0.0698
5.24,455,1522.67,1,2,1,9,1,0,1,0.0097
5.25,448,1848.9,4,2,1,9,1,0,0,0.0926
5.26,456,1522.67,1,2,1,9,1,0,1,0.0097
5.28,460,1522.67,1,2,1,9,1,0,1,0.0097
5.3,461,1522.67,1,2,0,2,1,0,1,0.0097
5.31,457,1848.9,4,2,1,9,1,0,0,0.0536
5.31,459,1944.07,3,2,0,2,1,0,1,0.0502
5.32,463,1522.67,1,2,0,2,1,0,0,0.0157
5.33,458,2275.68,5,2,0,0,1,0,1,0.0698
5.34,464,1522.67,1,2,0,2,1,0,1,0.0157
5.36,465,1522.67,1,2,1,9,1,0,1,0.0157
5.38,469,1522.67,1,2,0,2,1,0,1,0.0157
5.4,470,1522.67,1,2,0,0,1,0,1,0.0148
5.41,468,1944.07,3,2,0,2,1,0,0,0.0452
5.42,472,1522.67,1,2,0,0,1,0,1,0.0148
5.43,467,2275.68,5,2,0,2,1,0,1,0.0708
5.44,473,1522.67,1,2,0,0,1,0,1,0.0148
5.45,466,1848.9,4,2,0,2,1,0,0,0.0956
5.46,474,1522.67,1,2,0,0,1,0,1,0.0148
5.48,478,1522.67,1,2,0,0,1,0,1,0.0148
5.5,479,1522.67,1,2,0,2,1,0,1,0.0157
5.51,477,1944.07,3,2,1,9,1,0,1,0.0452
5.52,475,1848.9,4,2,1,9,1,0,0,0.0686
5.52,481,1522.67,1,2,0,2,1,0,1,0.0157
5.53,476,2275.68,5,2,0,0,1,0,1,0.0698
5.54,482,1522.67,1,2,0,2,1,0,1,0.0157
5.56,483,1522.67,1,2,0,2,1,0,1,0.0157
5.58,487,1522.67,1,2,0,2,1,0,1,0.0157
5.6,488,1522.67,1,2,0,0,1,0,1,0.0148
5.61,486,1944.07,3,2,0,0,1,0,1,0.0443
5.62,490,1522.67,1,2,0,0,1,0,1,0.0148
5.63,484,1848.9,4,2,0,0,1,0,0,0.0726
5.63,485,2275.68,5,2,0,0,1,0,1,0.0698
5.64,491,1522.67,1,2,0,0,1,0,1,0.0148
5.66,492,1522.67,1,2,0,0,1,0,1,0.0148
5.67,493,1848.9,4,2,0,0,1,0,0,0.0156
5.68,496,1522.67,1,2,0,0,1,0,1,0.0148
5.7,497,1522.67,1,2,1,9,1,0,1,0.0157
5.71,495,1944.07,3,2,0,0,1,0,1,0.0443
5.72,499,1522.67,1,2,1,9,1,0,1,0.0157
5.73,494,2275.68,5,2,0,0,1,0,1,0.0698
5.74,500,1522.67,1,2,1,9,1,0,1,0.0157
5.76,501,1522.67,1,2,1,9,1,0,1,0.0157
5.76,502,1848.9,4,2,1,9,1,0,0,0.0106
5.78,505,1522.67,1,2,1,9,1,0,1,0.0157
5.8,506,1522.67,1,2,0,2,1,0,1,0.0157
5.81,504,1944.07,3,2,0,0,1,0,1,0.0443
5.82,508,1522.67,1,2,1,9,1,0,1,0.0157
5.84,509,1522.67,1,2,1,9,1,0,1,0.0157
5.85,503,2275.68,5,2,0,2,1,0,0,0.0888
5.86,510,1522.67,1,2,1,9,1,0,1,0.0157
5.88,514,1522.67,1,2,0,2,1,0,1,0.0157
5.9,515,1522.67,1,2,0,0,1,0,1,0.0148
5.91,513,1944.07,3,2,0,0,1,0,1,0.0443
5.92,517,1522.67,1,2,0,0,1,0,1,0.0148
5.93,511,1848.9,4,2,0,2,1,0,0,0.0776
5.94,518,1522.67,1,2,0,0,1,0,1,0.0148
5.95,512,2275.68,5,2,0,2,1,0,1,0.0888
5.96,519,1522.67,1,2,0,0,1,0,1,0.0148
5.98,523,1522.67,1,2,0,0,1,0,1,0.0148
5.99,520,1848.9,4,2,1,9,1,0,0,0.0376
6,524,1522.67,1,2,0,2,1,0,1,0.0157
6.01,522,1944.07,3,2,0,0,1,0,1,0.0443
4.02,342,96.5332,3,4,1,9,1,0,1,0.0552
4.02,341,426.989,5,4,1,9,1,0,1,0.0648
4.02,346,326.236,1,4,1,9,1,0,1,0.0167
4.04,347,326.236,1,4,1,9,1,0,1,0.0167
4.06,348,326.236,1,4,1,9,1,0,1,0.0167
4.08,345,1848.9,2,4,1,9,1,0,0,0.0755
4.08,352,326.236,1,4,1,9,1,0,1,0.0167
4.1,353,326.236,1,4,1,9,1,0,1,0.0167
4.11,355,326.236,1,4,1,9,1,0,0,0.0067
4.12,351,96.5332,3,4,1,9,1,0,1,0.0552
4.12,350,426.989,5,4,1,9,1,0,1,0.0648
4.12,354,1848.9,2,4,0,0,1,0,0,0.0226
4.13,356,326.236,1,4,1,9,1,0,1,0.0067
4.15,357,326.236,1,4,1,9,1,0,1,0.0067
4.17,360,96.5332,3,4,1,9,1,0,0,0.0102
4.17,361,326.236,1,4,1,9,1,0,1,0.0067
4.19,362,326.236,1,4,1,9,1,0,1,0.0067
4.21,364,326.236,1,4,1,9,1,0,1,0.0067
4.22,359,426.989,5,4,1,9,1,0,1,0.0648
4.23,365,326.236,1,4,1,9,1,0,1,0.0067
4.25,366,326.236,1,4,1,9,1,0,1,0.0067
4.27,363,1848.9,2,4,0,3,1,0,0,0.0695
4.27,369,96.5332,3,4,1,9,1,0,1,0.0102
4.27,370,326.236,1,4,1,9,1,0,1,0.0067
4.29,371,326.236,1,4,1,9,1,0,1,0.0067
4.31,373,326.236,1,4,1,9,1,0,1,0.0067
4.32,368,426.989,5,4,1,9,1,0,1,0.0648
4.33,374,326.236,1,4,1,9,1,0,1,0.0067
4.35,375,326.236,1,4,1,9,1,0,1,0.0067
4.37,378,96.5332,3,4,1,9,1,0,1,0.0102
4.37,379,326.236,1,4,1,9,1,0,1,0.0067
4.38,372,1848.9,2,4,0,2,1,0,0,0.0815
4.39,380,326.236,1,4,1,9,1,0,1,0.0067
4.41,382,326.236,1,4,1,9,1,0,1,0.0067
4.42,377,426.989,5,4,1,9,1,0,1,0.0648
4.43,383,326.236,1,4,1,9,1,0,1,0.0067
4.45,384,326.236,1,4,1,9,1,0,1,0.0067
4.47,387,96.5332,3,4,1,9,1,0,1,0.0102
4.47,388,326.236,1,4,1,9,1,0,1,0.0067
4.49,389,326.236,1,4,1,9,1,0,1,0.0067
4.5,381,1848.9,2,4,0,2,1,0,0,0.0995
4.51,391,326.236,1,4,1,9,1,0,1,0.0067
4.52,386,426.989,5,4,1,9,1,0,1,0.0648
4.53,392,326.236,1,4,1,9,1,0,1,0.0067
4.55,393,326.236,1,4,1,9,1,0,1,0.0067
4.57,390,1848.9,2,4,1,9,1,0,0,0.0655
4.57,396,96.5332,3,4,1,9,1,0,1,0.0102
4.57,397,326.236,1,4,1,9,1,0,1,0.0067
4.59,398,326.236,1,4,1,9,1,0,1,0.0067
4.61,400,326.236,1,4,1,9,1,0,1,0.0067
4.62,395,426.989,5,4,1,9,1,0,1,0.0648
4.63,401,326.236,1,4,1,9,1,0,1,0.0067
4.65,402,326.236,1,4,1,9,1,0,1,0.0067
4.66,399,1848.9,2,4,1,9,1,0,0,0.0545
4.67,405,96.5332,3,4,1,9,1,0,1,0.0102
4.67,406,326.236,1,4,1,9,1,0,1,0.0067
4.69,407,326.236,1,4,1,9,1,0,1,0.0067
4.71,409,326.236,1,4,1,9,1,0,1,0.0067
4.72,404,426.989,5,4,1,9,1,0,1,0.0648
4.73,410,326.236,1,4,1,9,1,0,1,0.0067
4.76,411,326.236,1,4,1,9,1,0,0,0.0097
4.77,414,96.5332,3,4,1,9,1,0,1,0.0102
4.78,415,326.236,1,4,1,9,1,0,1,0.0097
4.78,408,1848.9,2,4,1,9,1,0,0,0.0775
4.8,416,326.236,1,4,1,9,1,0,1,0.0097
4.82,418,326.236,1,4,1,9,1,0,1,0.0097
4.82,413,426.989,5,4,1,9,1,0,1,0.0648
4.84,419,326.236,1,4,1,9,1,0,1,0.0097
4.86,420,326.236,1,4,1,9,1,0,1,0.0097
4.87,417,1848.9,2,4,0,0,1,0,0,0.0696
4.88,424,326.236,1,4,1,9,1,0,1,0.0097
4.9,425,326.236,1,4,1,9,1,0,1,0.0097
4.91,423,96.5332,3,4,1,9,1,0,0,0.0502
4.92,427,326.236,1,4,1,9,1,0,1,0.0097
4.92,426,1848.9,2,4,0,0,1,0,0,0.0206
4.93,422,426.989,5,4,1,9,1,0,0,0.0708
4.94,428,326.236,1,4,1,9,1,0,1,0.0097
4.96,429,326.236,1,4,1,9,1,0,1,0.0097
4.98,433,326.236,1,4,1,9,1,0,1,0.0097
5,434,326.236,1,4,1,9,1,0,1,0.0097
5.01,432,96.5332,3,4,1,9,1,0,1,0.0502
5.02,436,326.236,1,4,1,9,1,0,1,0.0097
5.03,431,426.989,5,4,1,9,1,0,1,0.0708
5.04,437,326.236,1,4,1,9,1,0,1,0.0097
5.06,438,326.236,1,4,1,9,1,0,1,0.0097
5.08,442,326.236,1,4,1,9,1,0,1,0.0097
5.09,435,1848.9,2,4,0,2,1,0,0,0.0845
5.1,443,326.236,1,4,1,9,1,0,1,0.0097
5.11,441,96.5332,3,4,1,9,1,0,1,0.0502
5.12,445,326.236,1,4,1,9,1,0,1,0.0097
5.13,440,426.989,5,4,1,9,1,0,1,0.0708
5.14,446,326.236,1,4,1,9,1,0,1,0.0097
5.16,447,326.236,1,4,1,9,1,0,1,0.0097
5.18,451,326.236,1,4,1,9,1,0,1,0.0097
5.18,444,1848.9,2,4,1,9,1,0,0,0.0815
5.2,452,326.236,1,4,1,9,1,0,1,0.0097
5.21,450,96.5332,3,4,1,9,1,0,1,0.0502
5.22,454,326.236,1,4,1,9,1,0,1,0.0097
5.23,449,426.989,5,4,1,9,1,0,1,0.0708
5.24,455,326.236,1,4,1,9,1,0,1,0.0097
5.26,456,326.236,1,4,1,9,1,0,1,0.0097
5.28,460,326.236,1,4,1,9,1,0,1,0.0097
5.28,453,1848.9,2,4,1,9,1,0,0,0.0795
5.3,461,326.236,1,4,1,9,1,0,1,0.0097
5.31,459,96.5332,3,4,1,9,1,0,1,0.0502
5.32,463,326.236,1,4,1,9,1,0,0,0.0157
5.33,458,426.989,5,4,1,9,1,0,1,0.0708
5.33,462,1848.9,2,4,1,9,1,0,0,0.0315
5.34,464,326.236,1,4,1,9,1,0,1,0.0157
5.36,465,326.236,1,4,1,9,1,0,1,0.0157
5.38,469,326.236,1,4,1,9,1,0,1,0.0157
5.4,470,326.236,1,4,1,9,1,0,1,0.0157
5.41,468,96.5332,3,4,1,9,1,0,0,0.0452
5.42,471,1848.9,2,4,0,2,1,0,0,0.0165
5.42,472,326.236,1,4,1,9,1,0,1,0.0157
5.43,467,426.989,5,4,1,9,1,0,1,0.0708
5.44,473,326.236,1,4,1,9,1,0,1,0.0157
5.46,474,326.236,1,4,1,9,1,0,1,0.0157
5.48,478,326.236,1,4,1,9,1,0,1,0.0157
5.5,479,326.236,1,4,1,9,1,0,1,0.0157
5.51,477,96.5332,3,4,1,9,1,0,1,0.0452
5.52,480,1848.9,2,4,1,9,1,0,0,0.0215
5.52,481,326.236,1,4,1,9,1,0,1,0.0157
5.53,476,426.989,5,4,1,9,1,0,1,0.0708
5.54,482,326.236,1,4,1,9,1,0,1,0.0157
5.56,483,326.236,1,4,1,9,1,0,1,0.0157
5.58,487,326.236,1,4,1,9,1,0,1,0.0157
5.6,488,326.236,1,4,1,9,1,0,1,0.0157
5.61,486,96.5332,3,4,1,9,1,0,1,0.0452
5.62,490,326.236,1,4,1,9,1,0,1,0.0157
5.63,485,426.989,5,4,1,9,1,0,1,0.0708
5.64,491,326.236,1,4,1,9,1,0,1,0.0157
5.66,492,326.236,1,4,1,9,1,0,1,0.0157
5.68,496,326.236,1,4,1,9,1,0,1,0.0157
5.7,489,1848.9,2,4,1,9,1,0,0,0.0965
5.7,497,326.236,1,4,1,9,1,0,1,0.0157
5.71,495,96.5332,3,4,1,9,1,0,1,0.0452
5.72,499,326.236,1,4,1,9,1,0,1,0.0157
5.73,494,426.989,5,4,1,9,1,0,1,0.0708
5.74,500,326.236,1,4,1,9,1,0,1,0.0157
5.75,498,1848.9,2,4,1,9,1,0,0,0.0455
5.76,501,326.236,1,4,0,1,1,0,1,0.0148
5.78,505,326.236,1,4,1,9,1,0,1,0.0157
5.8,506,326.236,1,4,1,9,1,0,1,0.0157
5.81,504,96.5332,3,4,1,9,1,0,1,0.0452
5.82,508,326.236,1,4,1,9,1,0,1,0.0157
5.84,509,326.236,1,4,1,9,1,0,1,0.0157
5.85,503,426.989,5,4,1,9,1,0,0,0.0888
5.86,510,326.236,1,4,1,9,1,0,1,0.0157
5.88,514,326.236,1,4,1,9,1,0,1,0.0157
5.89,507,1848.9,2,4,0,2,1,0,0,0.0935
5.9,515,326.236,1,4,1,9,1,0,1,0.0157
5.91,513,96.5332,3,4,1,9,1,0,1,0.0452
5.91,516,1848.9,2,4,0,2,1,0,0,0.0095
5.92,517,326.236,1,4,1,9,1,0,1,0.0157
5.94,518,326.236,1,4,1,9,1,0,1,0.0157
5.95,512,426.989,5,4,1,9,1,0,1,0.0888
5.96,519,326.236,1,4,1,9,1,0,1,0.0157
5.98,523,326.236,1,4,1,9,1,0,1,0.0157
6,524,326.236,1,4,1,9,1,0,1,0.0157
6.01,522,96.5332,3,4,1,9,1,0,1,0.0452
4.02,342,331.647,3,5,1,9,1,0,1,0.0552
4.02,346,753.074,1,5,1,9,1,0,1,0.0167
4.04,347,753.074,1,5,1,9,1,0,1,0.0167
4.06,348,753.074,1,5,1,9,1,0,1,0.0167
4.08,345,2275.68,2,5,0,0,1,0,0,0.0746
4.08,352,753.074,1,5,1,9,1,0,1,0.0167
4.1,353,753.074,1,5,1,9,1,0,1,0.0167
4.11,355,753.074,1,5,1,9,1,0,0,0.0067
4.12,351,331.647,3,5,1,9,1,0,1,0.0552
4.12,354,2275.68,2,5,0,0,1,0,0,0.0226
4.13,356,753.074,1,5,1,9,1,0,1,0.0067
4.14,349,426.989,4,5,1,9,1,0,0,0.0896
4.15,357,753.074,1,5,1,9,1,0,1,0.0067
4.17,360,331.647,3,5,1,9,1,0,0,0.0102
4.17,361,753.074,1,5,1,9,1,0,1,0.0067
4.19,362,753.074,1,5,1,9,1,0,1,0.0067
4.2,358,426.989,4,5,1,9,1,0,0,0.0506
4.21,364,753.074,1,5,1,9,1,0,1,0.0067
4.23,365,753.074,1,5,1,9,1,0,1,0.0067
4.25,366,753.074,1,5,1,9,1,0,1,0.0067
4.26,367,426.989,4,5,1,9,1,0,0,0.0106
4.27,363,2275.68,2,5,0,0,1,0,0,0.0686
4.27,369,331.647,3,5,1,9,1,0,1,0.0102
4.27,370,753.074,1,5,1,9,1,0,1,0.0067
4.29,371,753.074,1,5,1,9,1,0,1,0.0067
4.31,373,753.074,1,5,1,9,1,0,1,0.0067
4.33,374,753.074,1,5,1,9,1,0,1,0.0067
4.35,375,753.074,1,5,1,9,1,0,1,0.0067
4.37,378,331.647,3,5,1,9,1,0,1,0.0102
4.37,379,753.074,1,5,1,9,1,0,1,0.0067
4.38,372,2275.68,2,5,0,0,1,0,0,0.0806
4.39,380,753.074,1,5,1,9,1,0,1,0.0067
4.41,382,753.074,1,5,1,9,1,0,1,0.0067
4.43,383,753.074,1,5,1,9,1,0,1,0.0067
4.45,376,426.989,4,5,1,9,1,0,0,0.0986
4.45,384,753.074,1,5,1,9,1,0,1,0.0067
4.47,387,331.647,3,5,1,9,1,0,1,0.0102
4.47,388,753.074,1,5,1,9,1,0,1,0.0067
4.49,389,753.074,1,5,1,9,1,0,1,0.0067
4.5,381,2275.68,2,5,0,0,1,0,0,0.0986
4.51,391,753.074,1,5,1,9,1,0,1,0.0067
4.53,385,426.989,4,5,1,9,1,0,0,0.0736
4.53,392,753.074,1,5,1,9,1,0,1,0.0067
4.55,393,753.074,1,5,1,9,1,0,1,0.0067
4.57,390,2275.68,2,5,0,0,1,0,0,0.0646
4.57,396,331.647,3,5,1,9,1,0,1,0.0102
4.57,397,753.074,1,5,1,9,1,0,1,0.0067
4.59,398,753.074,1,5,1,9,1,0,1,0.0067
4.61,400,753.074,1,5,1,9,1,0,1,0.0067
4.63,401,753.074,1,5,1,9,1,0,1,0.0067
4.64,394,426.989,4,5,1,9,1,0,0,0.0916
4.65,402,753.074,1,5,1,9,1,0,1,0.0067
4.66,399,2275.68,2,5,0,0,1,0,0,0.0536
4.67,405,331.647,3,5,1,9,1,0,1,0.0102
4.67,406,753.074,1,5,1,9,1,0,1,0.0067
4.68,403,426.989,4,5,1,9,1,0,0,0.0286
4.69,407,753.074,1,5,1,9,1,0,1,0.0067
4.71,409,753.074,1,5,1,9,1,0,1,0.0067
4.73,410,753.074,1,5,1,9,1,0,1,0.0067
4.76,411,753.074,1,5,1,9,1,0,0,0.0097
4.77,414,331.647,3,5,1,9,1,0,1,0.0102
4.78,415,753.074,1,5,1,9,1,0,1,0.0097
4.78,408,2275.68,2,5,0,0,1,0,0,0.0766
4.8,416,753.074,1,5,1,9,1,0,1,0.0097
4.82,418,753.074,1,5,1,9,1,0,1,0.0097
4.84,419,753.074,1,5,1,9,1,0,1,0.0097
4.84,412,426.989,4,5,1,9,1,0,0,0.0916
4.86,420,753.074,1,5,1,9,1,0,1,0.0097
4.87,417,2275.68,2,5,0,0,1,0,0,0.0696
4.88,424,753.074,1,5,1,9,1,0,1,0.0097
4.9,425,753.074,1,5,1,9,1,0,1,0.0097
4.91,423,331.647,3,5,1,9,1,0,0,0.0502
4.92,427,753.074,1,5,1,9,1,0,1,0.0097
4.92,426,2275.68,2,5,0,0,1,0,0,0.0206
4.94,428,753.074,1,5,1,9,1,0,1,0.0097
4.95,421,426.989,4,5,1,9,1,0,0,0.0956
4.96,429,753.074,1,5,1,9,1,0,1,0.0097
4.98,433,753.074,1,5,1,9,1,0,1,0.0097
5,434,753.074,1,5,1,9,1,0,1,0.0097
5.01,432,331.647,3,5,1,9,1,0,1,0.0502
5.02,436,753.074,1,5,1,9,1,0,1,0.0097
5.04,437,753.074,1,5,1,9,1,0,1,0.0097
5.05,430,426.989,4,5,1,9,1,0,0,0.0966
5.06,438,753.074,1,5,1,9,1,0,1,0.0097
5.06,439,426.989,4,5,1,9,1,0,0,0.0086
5.08,442,753.074,1,5,1,9,1,0,1,0.0097
5.09,435,2275.68,2,5,0,0,1,0,0,0.0836
5.1,443,753.074,1,5,1,9,1,0,1,0.0097
5.11,441,331.647,3,5,1,9,1,0,1,0.0502
5.12,445,753.074,1,5,1,9,1,0,1,0.0097
5.14,446,753.074,1,5,1,9,1,0,1,0.0097
5.16,447,753.074,1,5,1,9,1,0,1,0.0097
5.18,451,753.074,1,5,1,9,1,0,1,0.0097
5.18,444,2275.68,2,5,1,9,1,0,0,0.0815
5.2,452,753.074,1,5,1,9,1,0,1,0.0097
5.21,450,331.647,3,5,1,9,1,0,1,0.0502
5.22,454,753.074,1,5,1,9,1,0,1,0.0097
5.24,455,753.074,1,5,1,9,1,0,1,0.0097
5.25,448,426.989,4,5,1,9,1,0,0,0.0926
5.26,456,753.074,1,5,1,9,1,0,1,0.0097
5.28,460,753.074,1,5,1,9,1,0,1,0.0097
5.28,453,2275.68,2,5,0,0,1,0,0,0.0786
5.3,461,753.074,1,5,1,9,1,0,1,0.0097
5.31,457,426.989,4,5,1,9,1,0,0,0.0536
5.31,459,331.647,3,5,1,9,1,0,1,0.0502
5.32,463,753.074,1,5,1,9,1,0,0,0.0157
5.33,462,2275.68,2,5,0,0,1,0,0,0.0306
5.34,464,753.074,1,5,1,9,1,0,1,0.0157
5.36,465,753.074,1,5,1,9,1,0,1,0.0157
5.38,469,753.074,1,5,1,9,1,0,1,0.0157
5.4,470,753.074,1,5,1,9,1,0,1,0.0157
5.41,468,331.647,3,5,1,9,1,0,0,0.0452
5.42,471,2275.68,2,5,1,9,1,0,0,0.0165
5.42,472,753.074,1,5,1,9,1,0,1,0.0157
5.44,473,753.074,1,5,1,9,1,0,1,0.0157
5.45,466,426.989,4,5,1,9,1,0,0,0.0956
5.46,474,753.074,1,5,1,9,1,0,1,0.0157
5.48,478,753.074,1,5,1,9,1,0,1,0.0157
5.5,479,753.074,1,5,1,9,1,0,1,0.0157
5.51,477,331.647,3,5,1,9,1,0,1,0.0452
5.52,475,426.989,4,5,1,9,1,0,0,0.0686
5.52,480,2275.68,2,5,0,0,1,0,0,0.0206
5.52,481,753.074,1,5,1,9,1,0,1,0.0157
5.54,482,753.074,1,5,1,9,1,0,1,0.0157
5.56,483,753.074,1,5,1,9,1,0,1,0.0157
5.58,487,753.074,1,5,1,9,1,0,1,0.0157
5.6,488,753.074,1,5,1,9,1,0,1,0.0157
5.61,486,331.647,3,5,1,9,1,0,1,0.0452
5.62,490,753.074,1,5,1,9,1,0,1,0.0157
5.63,484,426.989,4,5,1,9,1,0,0,0.0736
5.64,491,753.074,1,5,1,9,1,0,1,0.0157
5.66,492,753.074,1,5,1,9,1,0,1,0.0157
5.67,493,426.989,4,5,1,9,1,0,0,0.0166
5.68,496,753.074,1,5,1,9,1,0,1,0.0157
5.7,489,2275.68,2,5,0,0,1,0,0,0.0956
5.7,497,753.074,1,5,1,9,1,0,1,0.0157
5.71,495,331.647,3,5,1,9,1,0,1,0.0452
5.72,499,753.074,1,5,1,9,1,0,1,0.0157
5.74,500,753.074,1,5,1,9,1,0,1,0.0157
5.75,498,2275.68,2,5,0,0,1,0,0,0.0446
5.76,501,753.074,1,5,1,9,1,0,1,0.0157
5.76,502,426.989,4,5,1,9,1,0,0,0.0106
5.78,505,753.074,1,5,1,9,1,0,1,0.0157
5.8,506,753.074,1,5,1,9,1,0,1,0.0157
5.81,504,331.647,3,5,1,9,1,0,1,0.0452
5.82,508,753.074,1,5,1,9,1,0,1,0.0157
5.84,509,753.074,1,5,1,9,1,0,1,0.0157
5.86,510,753.074,1,5,1,9,1,0,1,0.0157
5.88,514,753.074,1,5,1,9,1,0,1,0.0157
5.89,507,2275.68,2,5,0,2,1,0,0,0.0935
5.9,515,753.074,1,5,1,9,1,0,1,0.0157
5.91,513,331.647,3,5,1,9,1,0,1,0.0452
5.91,516,2275.68,2,5,1,9,1,0,0,0.0095
5.92,517,753.074,1,5,1,9,1,0,1,0.0157
5.93,511,426.989,4,5,1,9,1,0,0,0.0776
5.94,518,753.074,1,5,1,9,1,0,1,0.0157
5.96,519,753.074,1,5,1,9,1,0,1,0.0157
5.98,523,753.074,1,5,1,9,1,0,1,0.0157
5.99,520,426.989,4,5,1,9,1,0,0,0.0376
6,524,753.074,1,5,1,9,1,0,1,0.0157
6.01,522,331.647,3,5,1,9,1,0,1,0.0452
4.02,341,331.647,5,3,1,9,1,0,1,0.0648
4.02,346,421.58,1,3,1,9,1,0,1,0.0167
4.04,347,421.58,1,3,1,9,1,0,1,0.0167
4.06,348,421.58,1,3,1,9,1,0,1,0.0167
4.08,345,1944.07,2,3,0,0,1,0,0,0.0746
4.08,352,421.58,1,3,1,9,1,0,1,0.0167
4.1,353,421.58,1,3,1,9,1,0,1,0.0167
4.11,355,421.58,1,3,1,9,1,0,0,0.0067
4.12,350,331.647,5,3,1,9,1,0,1,0.0648
4.12,354,1944.07,2,3,0,0,1,0,0,0.0226
4.13,356,421.58,1,3,1,9,1,0,1,0.0067
4.14,349,96.5332,4,3,1,9,1,0,0,0.0896
4.15,357,421.58,1,3,1,9,1,0,1,0.0067
4.17,361,421.58,1,3,1,9,1,0,1,0.0067
4.19,362,421.58,1,3,1,9,1,0,1,0.0067
4.2,358,96.5332,4,3,1,9,1,0,0,0.0506
4.21,364,421.58,1,3,1,9,1,0,1,0.0067
4.22,359,331.647,5,3,1,9,1,0,1,0.0648
4.23,365,421.58,1,3,1,9,1,0,1,0.0067
4.25,366,421.58,1,3,1,9,1,0,1,0.0067
4.26,367,96.5332,4,3,1,9,1,0,0,0.0106
4.27,363,1944.07,2,3,0,0,1,0,0,0.0686
4.27,370,421.58,1,3,1,9,1,0,1,0.0067
4.29,371,421.58,1,3,1,9,1,0,1,0.0067
4.31,373,421.58,1,3,1,9,1,0,1,0.0067
4.32,368,331.647,5,3,1,9,1,0,1,0.0648
4.33,374,421.58,1,3,1,9,1,0,1,0.0067
4.35,375,421.58,1,3,1,9,1,0,1,0.0067
4.37,379,421.58,1,3,1,9,1,0,1,0.0067
4.38,372,1944.07,2,3,0,0,1,0,0,0.0806
4.39,380,421.58,1,3,1,9,1,0,1,0.0067
4.41,382,421.58,1,3,1,9,1,0,1,0.0067
4.42,377,331.647,5,3,1,9,1,0,1,0.0648
4.43,383,421.58,1,3,1,9,1,0,1,0.0067
4.45,376,96.5332,4,3,1,9,1,0,0,0.0986
4.45,384,421.58,1,3,1,9,1,0,1,0.0067
4.47,388,421.58,1,3,1,9,1,0,1,0.0067
4.49,389,421.58,1,3,1,9,1,0,1,0.0067
4.5,381,1944.07,2,3,0,0,1,0,0,0.0986
4.51,391,421.58,1,3,1,9,1,0,1,0.0067
4.52,386,331.647,5,3,1,9,1,0,1,0.0648
4.53,385,96.5332,4,3,1,9,1,0,0,0.0736
4.53,392,421.58,1,3,1,9,1,0,1,0.0067
4.55,393,421.58,1,3,1,9,1,0,1,0.0067
4.57,390,1944.07,2,3,0,0,1,0,0,0.0646
4.57,397,421.58,1,3,1,9,1,0,1,0.0067
4.59,398,421.58,1,3,1,9,1,0,1,0.0067
4.61,400,421.58,1,3,1,9,1,0,1,0.0067
4.62,395,331.647,5,3,1,9,1,0,1,0.0648
4.63,401,421.58,1,3,1,9,1,0,1,0.0067
4.64,394,96.5332,4,3,1,9,1,0,0,0.0916
4.65,402,421.58,1,3,1,9,1,0,1,0.0067
4.66,399,1944.07,2,3,0,0,1,0,0,0.0536
4.67,406,421.58,1,3,1,9,1,0,1,0.0067
4.68,403,96.5332,4,3,1,9,1,0,0,0.0286
4.69,407,421.58,1,3,1,9,1,0,1,0.0067
4.71,409,421.58,1,3,1,9,1,0,1,0.0067
4.72,404,331.647,5,3,1,9,1,0,1,0.0648
4.73,410,421.58,1,3,1,9,1,0,1,0.0067
4.76,411,421.58,1,3,1,9,1,0,0,0.0097
4.78,415,421.58,1,3,1,9,1,0,1,0.0097
4.78,408,1944.07,2,3,0,2,1,0,0,0.0775
4.8,416,421.58,1,3,1,9,1,0,1,0.0097
4.82,418,421.58,1,3,1,9,1,0,1,0.0097
4.82,413,331.647,5,3,1,9,1,0,1,0.0648
4.84,419,421.58,1,3,1,9,1,0,1,0.0097
4.84,412,96.5332,4,3,1,9,1,0,0,0.0916
4.86,420,421.58,1,3,1,9,1,0,1,0.0097
4.87,417,1944.07,2,3,0,2,1,0,0,0.0705
4.88,424,421.58,1,3,1,9,1,0,1,0.0097
4.9,425,421.58,1,3,1,9,1,0,1,0.0097
4.92,427,421.58,1,3,1,9,1,0,1,0.0097
4.92,426,1944.07,2,3,0,0,1,0,0,0.0206
4.93,422,331.647,5,3,1,9,1,0,0,0.0708
4.94,428,421.58,1,3,1,9,1,0,1,0.0097
4.95,421,96.5332,4,3,1,9,1,0,0,0.0956
4.96,429,421.58,1,3,1,9,1,0,1,0.0097
4.98,433,421.58,1,3,1,9,1,0,1,0.0097
5,434,421.58,1,3,1,9,1,0,1,0.0097
5.02,436,421.58,1,3,1,9,1,0,1,0.0097
5.03,431,331.647,5,3,1,9,1,0,1,0.0708
5.04,437,421.58,1,3,1,9,1,0,1,0.0097
5.05,430,96.5332,4,3,1,9,1,0,0,0.0966
5.06,438,421.58,1,3,1,9,1,0,1,0.0097
5.06,439,96.5332,4,3,1,9,1,0,0,0.0086
5.08,442,421.58,1,3,1,9,1,0,1,0.0097
5.09,435,1944.07,2,3,0,2,1,0,0,0.0845
5.1,443,421.58,1,3,1,9,1,0,1,0.0097
5.12,445,421.58,1,3,1,9,1,0,1,0.0097
5.13,440,331.647,5,3,1,9,1,0,1,0.0708
5.14,446,421.58,1,3,1,9,1,0,1,0.0097
5.16,447,421.58,1,3,1,9,1,0,1,0.0097
5.18,451,421.58,1,3,1,9,1,0,1,0.0097
5.18,444,1944.07,2,3,0,0,1,0,0,0.0806
5.2,452,421.58,1,3,1,9,1,0,1,0.0097
5.22,454,421.58,1,3,1,9,1,0,1,0.0097
5.23,449,331.647,5,3,1,9,1,0,1,0.0708
5.24,455,421.58,1,3,1,9,1,0,1,0.0097
5.25,448,96.5332,4,3,1,9,1,0,0,0.0926
5.26,456,421.58,1,3,1,9,1,0,1,0.0097
5.28,460,421.58,1,3,1,9,1,0,1,0.0097
5.28,453,1944.07,2,3,0,0,1,0,0,0.0786
5.3,461,421.58,1,3,1,9,1,0,1,0.0097
5.31,457,96.5332,4,3,1,9,1,0,0,0.0536
5.32,463,421.58,1,3,1,9,1,0,0,0.0157
5.33,458,331.647,5,3,1,9,1,0,1,0.0708
5.33,462,1944.07,2,3,0,2,1,0,0,0.0315
5.34,464,421.58,1,3,1,9,1,0,1,0.0157
5.36,465,421.58,1,3,1,9,1,0,1,0.0157
5.38,469,421.58,1,3,1,9,1,0,1,0.0157
5.4,470,421.58,1,3,1,9,1,0,1,0.0157
5.42,471,1944.07,2,3,0,2,1,0,0,0.0165
5.42,472,421.58,1,3,1,9,1,0,1,0.0157
5.43,467,331.647,5,3,1,9,1,0,1,0.0708
5.44,473,421.58,1,3,1,9,1,0,1,0.0157
5.45,466,96.5332,4,3,1,9,1,0,0,0.0956
5.46,474,421.58,1,3,1,9,1,0,1,0.0157
5.48,478,421.58,1,3,1,9,1,0,1,0.0157
5.5,479,421.58,1,3,1,9,1,0,1,0.0157
5.52,475,96.5332,4,3,1,9,1,0,0,0.0686
5.52,480,1944.07,2,3,0,2,1,0,0,0.0215
5.52,481,421.58,1,3,1,9,1,0,1,0.0157
5.53,476,331.647,5,3,1,9,1,0,1,0.0708
5.54,482,421.58,1,3,1,9,1,0,1,0.0157
5.56,483,421.58,1,3,1,9,1,0,1,0.0157
5.58,487,421.58,1,3,1,9,1,0,1,0.0157
5.6,488,421.58,1,3,1,9,1,0,1,0.0157
5.62,490,421.58,1,3,1,9,1,0,1,0.0157
5.63,484,96.5332,4,3,1,9,1,0,0,0.0736
5.63,485,331.647,5,3,1,9,1,0,1,0.0708
5.64,491,421.58,1,3,1,9,1,0,1,0.0157
5.66,492,421.58,1,3,1,9,1,0,1,0.0157
5.67,493,96.5332,4,3,1,9,1,0,0,0.0166
5.68,496,421.58,1,3,1,9,1,0,1,0.0157
5.7,489,1944.07,2,3,0,0,1,0,0,0.0956
5.7,497,421.58,1,3,1,9,1,0,1,0.0157
5.72,499,421.58,1,3,1,9,1,0,1,0.0157
5.73,494,331.647,5,3,1,9,1,0,1,0.0708
5.74,500,421.58,1,3,1,9,1,0,1,0.0157
5.75,498,1944.07,2,3,0,0,1,0,0,0.0446
5.76,501,421.58,1,3,1,9,1,0,1,0.0157
5.76,502,96.5332,4,3,1,9,1,0,0,0.0106
5.78,505,421.58,1,3,1,9,1,0,1,0.0157
5.8,506,421.58,1,3,1,9,1,0,1,0.0157
5.82,508,421.58,1,3,1,9,1,0,1,0.0157
5.84,509,421.58,1,3,1,9,1,0,1,0.0157
5.85,503,331.647,5,3,1,9,1,0,0,0.0888
5.86,510,421.58,1,3,1,9,1,0,1,0.0157
5.88,514,421.58,1,3,1,9,1,0,1,0.0157
5.89,507,1944.07,2,3,0,0,1,0,0,0.0926
5.9,515,421.58,1,3,1,9,1,0,1,0.0157
5.91,516,1944.07,2,3,0,0,1,0,0,0.0086
5.92,517,421.58,1,3,1,9,1,0,1,0.0157
5.93,511,96.5332,4,3,1,9,1,0,0,0.0776
5.94,518,421.58,1,3,1,9,1,0,1,0.0157
5.95,512,331.647,5,3,1,9,1,0,1,0.0888
5.96,519,421.58,1,3,1,9,1,0,1,0.0157
5.98,523,421.58,1,3,1,9,1,0,1,0.0157
5.99,520,96.5332,4,3,1,9,1,0,0,0.0376
6,524,421.58,1,3,1,9,1,0,1,0.0157
6.02,526,421.58,1,3,1,9,1,0,1,0.0157
4.02,341,753.074,5,1,1,9,1,0,1,0.0648
4.08,345,1522.67,2,1,0,0,1,0,0,0.0746
4.12,351,421.58,3,1,1,9,1,0,1,0.0552
4.12,350,753.074,5,1,1,9,1,0,1,0.0648
4.12,354,1522.67,2,1,0,2,1,0,0,0.0235
4.14,349,326.236,4,1,1,9,1,0,0,0.0896
4.17,360,421.58,3,1,1,9,1,0,0,0.0102
4.2,358,326.236,4,1,1,9,1,0,0,0.0506
4.22,359,753.074,5,1,1,9,1,0,1,0.0648
4.26,367,326.236,4,1,1,9,1,0,0,0.0106
4.27,363,1522.67,2,1,0,0,1,0,0,0.0686
4.27,369,421.58,3,1,1,9,1,0,1,0.0102
4.32,368,753.074,5,1,1,9,1,0,1,0.0648
4.37,378,421.58,3,1,1,9,1,0,1,0.0102
4.38,372,1522.67,2,1,1,9,1,0,0,0.0815
4.42,377,753.074,5,1,1,9,1,0,1,0.0648
4.45,376,326.236,4,1,1,9,1,0,0,0.0986
4.47,387,421.58,3,1,1,9,1,0,1,0.0102
4.5,381,1522.67,2,1,0,0,1,0,0,0.0986
4.52,386,753.074,5,1,1,9,1,0,1,0.0648
4.53,385,326.236,4,1,1,9,1,0,0,0.0736
4.57,390,1522.67,2,1,0,0,1,0,0,0.0646
4.57,396,421.58,3,1,1,9,1,0,1,0.0102
4.62,395,753.074,5,1,1,9,1,0,1,0.0648
4.64,394,326.236,4,1,1,9,1,0,0,0.0916
4.66,399,1522.67,2,1,0,0,1,0,0,0.0536
4.67,405,421.58,3,1,1,9,1,0,1,0.0102
4.68,403,326.236,4,1,1,9,1,0,0,0.0286
4.72,404,753.074,5,1,1,9,1,0,1,0.0648
4.77,414,421.58,3,1,1,9,1,0,1,0.0102
4.78,408,1522.67,2,1,1,9,1,0,0,0.0775
4.82,413,753.074,5,1,1,9,1,0,1,0.0648
4.84,412,326.236,4,1,1,9,1,0,0,0.0916
4.87,417,1522.67,2,1,1,9,1,0,0,0.0705
4.91,423,421.58,3,1,1,9,1,0,0,0.0502
4.92,426,1522.67,2,1,0,2,1,0,0,0.0215
4.93,422,753.074,5,1,1,9,1,0,0,0.0708
4.95,421,326.236,4,1,1,9,1,0,0,0.0956
5.01,432,421.58,3,1,1,9,1,0,1,0.0502
5.03,431,753.074,5,1,1,9,1,0,1,0.0708
5.05,430,326.236,4,1,1,9,1,0,0,0.0966
5.06,439,326.236,4,1,1,9,1,0,0,0.0086
5.09,435,1522.67,2,1,1,9,1,0,0,0.0845
5.11,441,421.58,3,1,1,9,1,0,1,0.0502
5.13,440,753.074,5,1,1,9,1,0,1,0.0708
5.18,444,1522.67,2,1,0,0,1,0,0,0.0806
5.21,450,421.58,3,1,1,9,1,0,1,0.0502
5.23,449,753.074,5,1,1,9,1,0,1,0.0708
5.25,448,326.236,4,1,1,9,1,0,0,0.0926
5.28,453,1522.67,2,1,1,9,1,0,0,0.0795
5.31,457,326.236,4,1,1,9,1,0,0,0.0536
5.31,459,421.58,3,1,1,9,1,0,1,0.0502
5.33,458,753.074,5,1,1,9,1,0,1,0.0708
5.33,462,1522.67,2,1,1,9,1,0,0,0.0315
5.41,468,421.58,3,1,1,9,1,0,0,0.0452
5.42,471,1522.67,2,1,0,0,1,0,0,0.0156
5.43,467,753.074,5,1,1,9,1,0,1,0.0708
5.45,466,326.236,4,1,1,9,1,0,0,0.0956
5.51,477,421.58,3,1,1,9,1,0,1,0.0452
5.52,475,326.236,4,1,1,9,1,0,0,0.0686
5.52,480,1522.67,2,1,0,2,1,0,0,0.0215
5.53,476,753.074,5,1,1,9,1,0,1,0.0708
5.61,486,421.58,3,1,1,9,1,0,1,0.0452
5.63,484,326.236,4,1,1,9,1,0,0,0.0736
5.63,485,753.074,5,1,1,9,1,0,1,0.0708
5.67,493,326.236,4,1,1,9,1,0,0,0.0166
5.7,489,1522.67,2,1,1,9,1,0,0,0.0965
5.71,495,421.58,3,1,1,9,1,0,1,0.0452
5.73,494,753.074,5,1,1,9,1,0,1,0.0708
5.75,498,1522.67,2,1,1,9,1,0,0,0.0455
5.76,502,326.236,4,1,0,1,1,0,0,0.0096
5.81,504,421.58,3,1,1,9,1,0,1,0.0452
5.85,503,753.074,5,1,1,9,1,0,0,0.0888
5.89,507,1522.67,2,1,1,9,1,0,0,0.0935
5.91,513,421.58,3,1,1,9,1,0,1,0.0452
5.91,516,1522.67,2,1,0,0,1,0,0,0.0086
5.93,511,326.236,4,1,1,9,1,0,0,0.0776
5.95,512,753.074,5,1,1,9,1,0,1,0.0888
5.99,520,326.236,4,1,1,9,1,0,0,0.0376
6.01,522,421.58,3,1,1,9,1,0,1,0.0452
6.05,521,753.074,5,1,1,9,1,0,1,0.0888
