4,0.059,6,10,1,-128,392,392,392,1,100,100,100,1,1,0,15,4,10,20,1,15,1
5,0.064,7,5,1,-128,392,392,392,8,100,100,100,1,1,0,12,7,10,20,1,12,4
1,0.114,12,5,1,-128,72,72,72,27,20,20,20,1,1,0,12,9,20,20,1,12,6
4,0.159,16,10,1,-128,369,372,392,1,100,100,100,1,1,0,22,6,30,20,1,22,3
4,0.259,26,10,1,-128,385,388,392,1,100,100,100,1,1,0,35,10,20,20,1,35,7
2,0.307,31,8,1,-128,389,392,392,1,100,100,100,1,1,0,32,2,10,20,1,31,9
4,0.359,36,10,1,-128,369,372,392,1,100,100,100,1,1,0,43,3,20,20,1,42,10
2,0.407,41,8,1,-128,370,388,392,1,100,100,100,1,1,0,44,1,30,20,1,43,8
4,0.459,46,10,1,-128,385,388,392,1,100,100,100,1,1,0,52,6,30,20,1,52,3
2,0.507,51,8,1,-128,370,388,392,1,100,100,100,1,1,0,54,3,30,20,1,53,10
4,0.559,56,10,1,-128,385,388,392,1,100,100,100,1,1,0,60,1,20,20,1,59,8
2,0.607,61,8,1,-128,388,388,392,1,100,100,100,1,1,0,67,10,0,20,1,67,7
1,0.654,66,5,1,-128,65,68,72,39,20,20,20,1,1,0,67,4,20,20,1,67,1
4,0.659,66,10,1,-128,385,388,392,1,100,100,100,1,1,0,68,10,10,20,1,68,7
2,0.707,71,8,1,-128,370,388,392,1,100,100,100,1,1,0,81,3,10,20,1,80,10
4,0.759,76,10,1,-128,370,388,392,1,100,100,100,1,1,0,78,8,20,20,1,78,5
2,0.807,81,8,1,-128,357,372,392,1,100,100,100,1,1,0,89,8,20,20,1,89,5
4,0.859,86,10,1,-128,373,388,392,1,100,100,100,1,1,0,93,9,0,20,1,93,6
5,0.864,87,5,1,-128,388,388,392,7,100,100,100,1,1,0,95,10,30,20,1,95,7
3,0.866,87,7,1,-128,377,392,392,9,100,100,100,1,1,0,92,2,20,20,1,91,9
2,0.907,91,8,1,-128,361,376,392,1,100,100,100,1,1,0,93,1,20,20,1,92,8
4,0.959,96,10,1,-128,368,388,392,1,100,100,100,1,1,0,104,2,10,20,1,103,9
2,1.007,101,8,1,-128,373,388,392,1,100,100,100,1,1,0,105,10,20,20,1,105,7
4,1.059,106,10,1,-128,368,388,392,1,100,100,100,1,1,0,109,8,20,20,1,109,5
2,1.107,111,8,1,-128,373,388,392,1,100,100,100,1,1,0,118,7,20,20,1,118,4
4,1.159,116,10,1,-128,368,388,392,1,100,100,100,1,1,0,123,1,30,20,1,122,8
2,1.207,121,8,1,-128,371,388,392,1,100,100,100,1,1,0,127,7,10,20,1,127,4
4,1.259,126,10,1,-128,368,388,392,1,100,100,100,1,1,0,128,3,20,20,1,127,10
2,1.307,131,8,1,-128,385,388,392,1,100,100,100,1,1,0,132,6,20,20,1,132,3
4,1.359,136,10,1,-128,368,388,392,1,100,100,100,1,1,0,140,10,20,20,1,140,7
2,1.407,141,8,1,-128,385,388,392,1,100,100,100,1,1,0,150,9,10,20,1,150,6
1,1.434,144,5,1,-128,63,68,72,39,20,20,20,1,1,0,146,1,20,20,1,145,8
4,1.459,146,10,1,-128,368,388,392,1,100,100,100,1,1,0,147,10,10,20,1,147,7
2,1.507,151,8,1,-128,372,372,392,1,100,100,100,1,1,0,153,10,20,20,1,153,7
4,1.559,156,10,1,-128,370,388,392,1,100,100,100,1,1,0,161,7,30,20,1,161,4
5,1.564,157,5,1,-128,354,372,392,6,100,100,100,1,1,0,161,4,30,20,1,161,1
2,1.607,161,8,1,-128,386,388,392,1,100,100,100,1,1,0,170,1,10,20,1,169,8
4,1.659,166,10,1,-128,368,388,392,1,100,100,100,1,1,0,173,10,20,20,1,173,7
2,1.707,171,8,1,-128,369,372,392,1,100,100,100,1,1,0,172,9,20,20,1,172,6
4,1.759,176,10,1,-128,371,388,392,1,100,100,100,1,1,0,184,4,30,20,1,184,1
3,1.766,177,7,1,-128,371,388,392,9,100,100,100,1,1,0,178,7,30,20,1,178,4
2,1.807,181,8,1,-128,371,388,392,1,100,100,100,1,1,0,187,9,30,20,1,187,6
4,1.859,186,10,1,-128,369,388,392,1,100,100,100,1,1,0,196,5,10,20,1,196,2
2,1.907,191,8,1,-128,371,388,392,1,100,100,100,1,1,0,198,10,0,20,1,198,7
4,1.959,196,10,1,-128,353,372,392,1,100,100,100,1,1,0,201,2,0,20,1,200,9
2,2.007,201,8,1,-128,386,388,392,1,100,100,100,1,1,0,203,9,0,20,1,203,6
4,2.059,206,10,1,-128,369,388,392,1,100,100,100,1,1,0,207,10,10,20,1,207,7
2,2.107,211,8,1,-128,373,388,392,1,100,100,100,1,1,0,217,10,10,20,1,217,7
4,2.159,216,10,1,-128,371,388,392,1,100,100,100,1,1,0,221,7,30,20,1,221,4
5,2.164,217,5,1,-128,371,388,392,14,100,100,100,1,1,0,218,2,0,20,1,217,9
2,2.207,221,8,1,-128,373,388,392,1,100,100,100,1,1,0,230,5,30,20,1,230,2
1,2.214,222,5,1,-128,64,68,72,30,20,20,20,1,1,0,224,4,20,20,1,224,1
4,2.259,226,10,1,-128,369,388,392,1,100,100,100,1,1,0,235,10,0,20,1,235,7
2,2.307,231,8,1,-128,357,372,392,1,100,100,100,1,1,0,238,1,30,20,1,237,8
4,2.359,236,10,1,-128,353,372,392,1,100,100,100,1,1,0,242,1,20,20,1,241,8
2,2.407,241,8,1,-128,371,388,392,1,100,100,100,1,1,0,244,2,10,20,1,243,9
4,2.459,246,10,1,-128,369,388,392,1,100,100,100,1,1,0,253,6,20,20,1,253,3
2,2.507,251,8,1,-128,386,388,392,1,100,100,100,1,1,0,260,1,0,20,1,259,8
4,2.559,256,10,1,-128,369,388,392,1,100,100,100,1,1,0,265,5,10,20,1,265,2
2,2.607,261,8,1,-128,355,372,392,1,100,100,100,1,1,0,269,6,10,20,1,269,3
4,2.659,266,10,1,-128,355,372,392,1,100,100,100,1,1,0,275,7,20,20,1,275,4
3,2.666,267,7,1,-128,371,388,392,7,100,100,100,1,1,0,277,3,0,20,1,276,10
2,2.707,271,8,1,-128,373,388,392,1,100,100,100,1,1,0,279,9,20,20,1,279,6
4,2.759,276,10,1,-128,355,372,392,1,100,100,100,1,1,0,280,9,30,20,1,280,6
2,2.807,281,8,1,-128,361,376,392,1,100,100,100,1,1,0,288,10,0,20,1,288,7
1,2.814,282,5,1,-128,64,68,72,65,20,20,20,1,1,0,283,10,20,20,1,283,7
4,2.859,286,10,1,-128,369,388,392,1,100,100,100,1,1,0,288,4,20,20,1,288,1
2,2.907,291,8,1,-128,386,388,392,1,100,100,100,1,1,0,295,2,0,20,1,294,9
4,2.959,296,10,1,-128,369,388,392,1,100,100,100,1,1,0,299,7,20,20,1,299,4
2,3.007,301,8,1,-128,373,388,392,1,100,100,100,1,1,0,310,3,30,20,1,309,10
4,3.059,306,10,1,-128,369,388,392,1,100,100,100,1,1,0,309,5,10,20,1,309,2
2,3.107,311,8,1,-128,372,372,392,1,100,100,100,1,1,0,318,2,20,20,1,317,9
4,3.159,316,10,1,-128,369,388,392,1,100,100,100,1,1,0,318,4,10,20,1,318,1
2,3.207,321,8,1,-128,388,388,392,1,100,100,100,1,1,0,326,7,0,20,1,326,4
4,3.259,326,10,1,-128,369,388,392,1,100,100,100,1,1,0,331,8,30,20,1,331,5
2,3.307,331,8,1,-128,388,388,392,1,100,100,100,1,1,0,332,8,30,20,1,332,5
4,3.359,336,10,1,-128,369,388,392,1,100,100,100,1,1,0,346,2,0,20,1,345,9
3,3.366,337,7,1,-128,355,372,392,8,100,100,100,1,1,0,343,1,20,20,1,342,8
2,3.407,341,8,1,-128,371,388,392,1,100,100,100,1,1,0,344,5,0,20,1,344,2
4,3.459,346,10,1,-128,354,372,392,1,100,100,100,1,1,0,349,8,20,20,1,349,5
2,3.507,351,8,1,-128,388,388,392,1,100,100,100,1,1,0,351,10,10,20,1,351,7
4,3.559,356,10,1,-128,370,388,392,1,100,100,100,1,1,0,359,7,20,20,1,359,4
5,3.564,357,5,1,-128,370,388,392,13,100,100,100,1,1,0,363,8,20,20,1,363,5
2,3.607,361,8,1,-128,376,388,392,1,100,100,100,1,1,0,368,1,10,20,1,367,8
4,3.659,366,10,1,-128,367,388,392,1,100,100,100,1,1,0,375,10,0,20,1,375,7
2,3.707,371,8,1,-128,388,388,392,1,100,100,100,1,1,0,372,7,20,20,1,372,4
4,3.759,376,10,1,-128,366,372,392,1,100,100,100,1,1,0,384,8,20,20,1,384,5
2,3.807,381,8,1,-128,373,388,392,1,100,100,100,1,1,0,390,7,20,20,1,390,4
4,3.859,386,10,1,-128,367,388,392,1,100,100,100,1,1,0,388,9,10,20,1,388,6
2,3.907,391,8,1,-128,357,372,392,1,100,100,100,1,1,0,393,6,20,20,1,393,3
4,3.959,396,10,1,-128,367,388,392,1,100,100,100,1,1,0,400,9,20,20,1,400,6
2,4.007,401,8,1,-128,382,388,392,1,100,100,100,1,1,0,409,2,0,20,1,408,9
4,4.059,406,10,1,-128,367,388,392,1,100,100,100,1,1,0,415,8,0,20,1,415,5
2,4.107,411,8,1,-128,388,388,392,1,100,100,100,1,1,0,413,10,10,20,1,413,7
1,4.114,412,5,1,-128,62,68,72,32,20,20,20,1,1,0,412,10,10,20,1,412,7
4,4.159,416,10,1,-128,360,372,392,1,100,100,100,1,1,0,421,9,20,20,1,421,6
3,4.166,417,7,1,-128,370,388,392,7,100,100,100,1,1,0,418,6,0,20,1,418,3
2,4.207,421,8,1,-128,373,388,392,1,100,100,100,1,1,0,428,6,10,20,1,428,3
4,4.259,426,10,1,-128,371,388,392,1,100,100,100,1,1,0,427,9,30,20,1,427,6
2,4.307,431,8,1,-128,388,388,392,1,100,100,100,1,1,0,439,8,0,20,1,439,5
4,4.359,436,10,1,-128,371,388,392,1,100,100,100,1,1,0,446,7,10,20,1,446,4
2,4.407,441,8,1,-128,361,376,392,1,100,100,100,1,1,0,451,6,10,20,1,451,3
4,4.459,446,10,1,-128,355,372,392,1,100,100,100,1,1,0,454,2,30,20,1,453,9
2,4.507,451,8,1,-128,369,372,392,1,100,100,100,1,1,0,458,2,30,20,1,457,9
4,4.559,456,10,1,-128,371,388,392,1,100,100,100,1,1,0,465,10,30,20,1,465,7
2,4.607,461,8,1,-128,388,388,392,1,100,100,100,1,1,0,467,1,30,20,1,466,8
4,4.659,466,10,1,-128,355,372,392,1,100,100,100,1,1,0,469,7,20,20,1,469,4
2,4.707,471,8,1,-128,388,388,392,1,100,100,100,1,1,0,479,4,30,20,1,479,1
1,4.754,476,5,1,-128,65,68,72,28,20,20,20,1,1,0,477,3,10,20,1,476,10
4,4.759,476,10,1,-128,383,388,392,1,100,100,100,1,1,0,485,10,20,20,1,485,7
2,4.807,481,8,1,-128,373,388,392,1,100,100,100,1,1,0,488,7,20,20,1,488,4
4,4.859,486,10,1,-128,357,372,392,1,100,100,100,1,1,0,496,4,10,20,1,496,1
5,4.864,487,5,1,-128,373,388,392,9,100,100,100,1,1,0,494,4,30,20,1,494,1
3,4.866,487,7,1,-128,373,388,392,5,100,100,100,1,1,0,492,6,10,20,1,492,3
2,4.907,491,8,1,-128,373,388,392,1,100,100,100,1,1,0,493,8,20,20,1,493,5
4,4.959,496,10,1,-128,354,372,392,1,100,100,100,1,1,0,506,5,0,20,1,506,2
2,5.007,501,8,1,-128,373,388,392,1,100,100,100,1,1,0,510,1,30,20,1,509,8
4,5.059,506,10,1,-128,352,372,392,1,100,100,100,1,1,0,507,7,30,20,1,507,4
2,5.107,511,8,1,-128,369,372,392,1,100,100,100,1,1,0,519,8,10,20,1,519,5
4,5.159,516,10,1,-128,368,388,392,1,100,100,100,1,1,0,526,1,20,20,1,525,8
2,5.207,521,8,1,-128,359,376,392,1,100,100,100,1,1,0,529,6,0,20,1,529,3
4,5.259,526,10,1,-128,352,372,392,1,100,100,100,1,1,0,532,2,10,20,1,531,9
2,5.307,531,8,1,-128,388,388,392,1,100,100,100,1,1,0,534,8,10,20,1,534,5
1,5.314,532,5,1,-128,66,68,72,68,20,20,20,1,1,0,533,9,30,20,1,533,6
4,5.359,536,10,1,-128,376,388,392,1,100,100,100,1,1,0,546,4,20,20,1,546,1
3,5.366,537,7,1,-128,376,388,392,12,100,100,100,1,1,0,542,1,10,20,1,541,8
2,5.407,541,8,1,-128,380,388,392,1,100,100,100,1,1,0,543,3,0,20,1,542,10
4,5.459,546,10,1,-128,359,372,392,1,100,100,100,1,1,0,553,7,10,20,1,553,4
2,5.507,551,8,1,-128,383,388,392,1,100,100,100,1,1,0,553,8,20,20,1,553,5
4,5.559,556,10,1,-128,373,388,392,1,100,100,100,1,1,0,564,2,10,20,1,563,9
2,5.607,561,8,1,-128,377,388,392,1,100,100,100,1,1,0,571,3,10,20,1,570,10
4,5.659,566,10,1,-128,373,388,392,1,100,100,100,1,1,0,568,5,30,20,1,568,2
2,5.707,571,8,1,-128,372,372,392,1,100,100,100,1,1,0,576,2,20,20,1,575,9
4,5.759,576,10,1,-128,375,388,392,1,100,100,100,1,1,0,577,9,10,20,1,577,6
5,5.764,577,5,1,-128,375,388,392,15,100,100,100,1,1,0,586,2,10,20,1,585,9
2,5.807,581,8,1,-128,380,388,392,1,100,100,100,1,1,0,590,10,0,20,1,590,7
4,5.859,586,10,1,-128,374,388,392,1,100,100,100,1,1,0,594,6,20,20,1,594,3
2,5.907,591,8,1,-128,361,372,392,1,100,100,100,1,1,0,592,6,0,20,1,592,3
4,5.959,596,10,1,-128,372,388,392,1,100,100,100,1,1,0,600,6,30,20,1,600,3
2,6.007,601,8,1,-128,385,388,392,1,100,100,100,1,1,0,611,2,20,20,1,610,9
4,6.059,606,10,1,-128,372,388,392,1,100,100,100,1,1,0,616,6,20,20,1,616,3
2,6.107,611,8,1,-128,361,372,392,1,100,100,100,1,1,0,612,9,0,20,1,612,6
