0.28,1,445.302,2,1,1,9,1,0,0,0.0603
0.34,2,447.829,2,1,1,9,1,0,0,0.0253
0.46,4,1410.19,4,2,0,0,1,0,0,0.0141
0.59,6,1405.1,4,2,1,9,1,0,0,0.045
0.63,7,458.832,1,2,1,9,1,0,0,0.0156
0.65,9,459.61,1,2,1,9,1,0,1,0.0156
0.67,11,460.387,1,2,1,9,1,0,1,0.0156
0.67,10,1401.76,4,2,0,2,1,0,0,0.031
0.69,12,461.165,1,2,1,9,1,0,1,0.0156
0.71,13,461.942,1,2,1,9,1,0,1,0.0156
0.73,14,462.72,1,2,1,9,1,0,1,0.0156
0.75,16,463.497,1,2,1,9,1,0,1,0.0156
0.75,17,1398.61,4,2,0,0,1,0,0,0.0121
0.77,18,464.275,1,2,1,9,1,0,1,0.0156
0.79,19,465.053,1,2,1,9,1,0,1,0.0156
0.81,20,465.83,1,2,1,9,1,0,1,0.0156
0.83,21,466.608,1,2,1,9,1,0,1,0.0156
0.85,23,467.385,1,2,1,9,1,0,1,0.0156
0.87,25,468.163,1,2,1,9,1,0,1,0.0156
0.87,24,1394.06,4,2,0,0,1,0,0,0.0291
0.89,27,468.94,1,2,1,9,1,0,1,0.0156
0.91,28,469.718,1,2,1,9,1,0,1,0.0156
0.93,29,470.496,1,2,1,9,1,0,1,0.0156
0.93,26,284.817,3,2,1,9,1,0,0,0.0595
0.95,31,471.273,1,2,1,9,1,0,1,0.0156
0.97,33,472.051,1,2,1,9,1,0,1,0.0156
0.97,32,1390.25,4,2,0,2,1,0,0,0.027
0.99,35,472.828,1,2,1,9,1,0,1,0.0156
1.01,37,473.606,1,2,1,9,1,0,1,0.0156
1.03,38,474.383,1,2,1,9,1,0,1,0.0156
1.03,34,284.817,3,2,1,9,1,0,1,0.0595
1.05,40,475.161,1,2,1,9,1,0,1,0.0156
1.07,42,475.939,1,2,1,9,1,0,1,0.0156
1.07,36,240.533,5,2,1,9,1,0,0,0.0949
1.09,44,476.716,1,2,1,9,1,0,1,0.0156
1.11,46,477.494,1,2,1,9,1,0,1,0.0156
1.11,41,1384.88,4,2,0,0,1,0,0,0.0651
1.13,47,478.271,1,2,1,9,1,0,1,0.0156
1.13,43,284.817,3,2,1,9,1,0,1,0.0595
1.15,49,479.049,1,2,1,9,1,0,1,0.0156
1.17,51,479.826,1,2,1,9,1,0,1,0.0156
1.17,45,244.42,5,2,1,9,1,0,1,0.0949
1.19,53,480.604,1,2,1,9,1,0,1,0.0156
1.21,55,481.382,1,2,1,9,1,0,1,0.0156
1.23,56,482.159,1,2,1,9,1,0,1,0.0156
1.23,52,284.817,3,2,1,9,1,0,1,0.0595
1.24,50,1379.83,4,2,0,0,1,0,0,0.0951
1.25,58,482.937,1,2,1,9,1,0,1,0.0156
1.27,59,1378.74,4,2,0,0,1,0,0,0.0231
1.27,60,483.714,1,2,1,9,1,0,1,0.0156
1.27,54,248.308,5,2,1,9,1,0,1,0.0949
1.29,62,484.492,1,2,1,9,1,0,1,0.0156
1.31,64,485.269,1,2,1,9,1,0,1,0.0156
1.33,65,486.047,1,2,1,9,1,0,1,0.0156
1.33,61,284.817,3,2,1,9,1,0,1,0.0595
1.35,67,486.825,1,2,1,9,1,0,1,0.0156
1.37,69,487.602,1,2,1,9,1,0,1,0.0156
1.37,63,252.195,5,2,1,9,1,0,1,0.0949
1.39,71,488.38,1,2,1,9,1,0,1,0.0156
1.4,68,1373.42,4,2,0,2,1,0,0,0.06
1.41,73,489.157,1,2,1,9,1,0,1,0.0156
1.43,74,489.935,1,2,1,9,1,0,1,0.0156
1.43,70,284.817,3,2,1,9,1,0,1,0.0595
1.45,76,490.712,1,2,1,9,1,0,1,0.0156
1.47,78,491.49,1,2,1,9,1,0,1,0.0156
1.47,77,1370.89,4,2,0,2,1,0,0,0.025
1.47,72,256.083,5,2,1,9,1,0,1,0.0949
1.49,80,492.268,1,2,1,9,1,0,1,0.0156
1.5,79,284.817,3,2,1,9,1,0,0,0.0305
1.51,82,493.045,1,2,1,9,1,0,1,0.0156
1.53,83,493.823,1,2,1,9,1,0,1,0.0156
1.55,85,494.6,1,2,1,9,1,0,1,0.0156
1.57,87,495.378,1,2,1,9,1,0,1,0.0156
1.57,81,259.97,5,2,1,9,1,0,1,0.0949
1.57,86,1366.77,4,2,0,2,1,0,0,0.031
1.59,89,496.155,1,2,1,9,1,0,1,0.0156
1.6,88,284.817,3,2,1,9,1,0,1,0.0305
1.61,91,496.933,1,2,1,9,1,0,1,0.0156
1.63,92,497.711,1,2,1,9,1,0,1,0.0156
1.65,94,498.488,1,2,1,9,1,0,1,0.0156
1.67,95,1363.19,4,2,0,0,1,0,0,0.0231
1.67,96,499.266,1,2,1,9,1,0,1,0.0156
1.67,90,263.858,5,2,1,9,1,0,1,0.0949
1.69,98,500.043,1,2,1,9,1,0,1,0.0156
1.7,97,284.817,3,2,1,9,1,0,1,0.0305
1.71,100,500.821,1,2,1,9,1,0,1,0.0156
1.73,101,501.599,1,2,1,9,1,0,1,0.0156
1.75,103,502.376,1,2,1,9,1,0,1,0.0156
1.77,105,503.154,1,2,1,9,1,0,1,0.0156
1.77,99,267.745,5,2,1,9,1,0,1,0.0949
1.78,104,1358.56,4,2,0,2,1,0,0,0.042
1.79,107,503.931,1,2,1,9,1,0,1,0.0156
1.8,106,284.817,3,2,1,9,1,0,1,0.0305
1.81,109,504.709,1,2,1,9,1,0,1,0.0156
1.83,110,505.486,1,2,1,9,1,0,1,0.0156
1.84,108,270.311,5,2,1,9,1,0,0,0.0609
1.85,112,506.264,1,2,1,9,1,0,1,0.0156
1.87,114,507.042,1,2,1,9,1,0,1,0.0156
1.87,113,1355.22,4,2,1,9,1,0,0,0.028
1.89,116,507.819,1,2,1,9,1,0,1,0.0156
1.9,115,284.817,3,2,1,9,1,0,1,0.0305
1.9,118,508.48,1,2,1,9,1,0,0,0.0126
1.92,119,509.258,1,2,1,9,1,0,1,0.0126
1.94,117,274.199,5,2,1,9,1,0,1,0.0609
1.94,121,510.035,1,2,1,9,1,0,1,0.0126
1.96,123,510.813,1,2,1,9,1,0,1,0.0126
1.98,125,511.59,1,2,1,9,1,0,1,0.0126
1.98,122,1350.83,4,2,1,9,1,0,0,0.041
2,124,284.817,3,2,1,9,1,0,1,0.0305
0.28,1,1417.15,2,4,0,0,1,0,0,0.0594
0.34,2,1414.59,2,4,1,9,1,0,0,0.0253
0.47,3,1409.49,2,4,0,0,1,0,0,0.0564
0.57,5,1405.65,2,4,1,9,1,0,0,0.0553
0.63,7,1862.38,1,4,0,0,1,0,0,0.0146
0.65,9,1862.38,1,4,0,0,1,0,1,0.0146
0.67,11,1862.38,1,4,0,0,1,0,1,0.0146
0.68,8,1401.33,2,4,1,9,1,0,0,0.0663
0.69,12,1862.38,1,4,0,0,1,0,1,0.0146
0.71,13,1862.38,1,4,0,0,1,0,1,0.0146
0.73,14,1862.38,1,4,0,0,1,0,1,0.0146
0.74,15,1399.35,2,4,0,0,1,0,0,0.0174
0.75,16,1862.38,1,4,0,0,1,0,1,0.0146
0.77,18,1862.38,1,4,0,0,1,0,1,0.0146
0.79,19,1862.38,1,4,0,0,1,0,1,0.0146
0.81,20,1862.38,1,4,0,2,1,0,1,0.0156
0.83,21,1862.38,1,4,0,2,1,0,1,0.0156
0.85,23,1862.38,1,4,0,2,1,0,1,0.0156
0.87,25,1862.38,1,4,0,2,1,0,1,0.0156
0.89,27,1862.38,1,4,0,2,1,0,1,0.0156
0.91,28,1862.38,1,4,0,2,1,0,1,0.0156
0.91,22,1392.39,2,4,0,2,1,0,0,0.0963
0.93,29,1862.38,1,4,1,9,1,0,1,0.0156
0.93,26,1676.74,3,4,0,2,1,0,0,0.0595
0.95,31,1862.38,1,4,0,2,1,0,1,0.0156
0.95,30,1390.99,2,4,0,2,1,0,0,0.0323
0.97,33,1862.38,1,4,0,2,1,0,1,0.0156
0.99,35,1862.38,1,4,0,2,1,0,1,0.0156
1.01,37,1862.38,1,4,0,2,1,0,1,0.0156
1.03,34,1672.88,3,4,0,0,1,0,1,0.0586
1.03,38,1862.38,1,4,0,2,1,0,1,0.0156
1.03,39,1387.8,2,4,0,0,1,0,0,0.0144
1.05,40,1862.38,1,4,0,2,1,0,1,0.0156
1.07,42,1862.38,1,4,0,2,1,0,1,0.0156
1.07,36,1626.8,5,4,1,9,1,0,0,0.0949
1.09,44,1862.38,1,4,0,2,1,0,1,0.0156
1.11,46,1862.38,1,4,0,0,1,0,1,0.0146
1.12,47,1862.38,1,4,0,0,1,0,1,0.0146
1.13,43,1668.96,3,4,0,2,1,0,1,0.0595
1.13,48,1384.1,2,4,0,0,1,0,0,0.0094
1.14,49,1862.38,1,4,0,0,1,0,1,0.0146
1.17,51,1862.38,1,4,0,0,1,0,1,0.0146
1.17,45,1626.8,5,4,0,2,1,0,1,0.0949
1.19,53,1862.38,1,4,0,0,1,0,1,0.0146
1.21,55,1862.38,1,4,1,9,1,0,1,0.0156
1.23,56,1862.38,1,4,0,2,1,0,1,0.0156
1.23,52,1665.07,3,4,1,9,1,0,1,0.0595
1.25,58,1862.38,1,4,0,2,1,0,1,0.0156
1.27,60,1862.38,1,4,0,1,1,0,1,0.0146
1.27,54,1626.8,5,4,0,0,1,0,1,0.094
1.29,62,1862.38,1,4,1,9,1,0,1,0.0156
1.31,64,1862.38,1,4,1,9,1,0,1,0.0156
1.31,57,1377.03,2,4,1,9,1,0,0,0.0913
1.33,61,1661.22,3,4,0,0,1,0,1,0.0586
1.33,65,1862.38,1,4,1,9,1,0,1,0.0156
1.35,67,1862.38,1,4,1,9,1,0,1,0.0156
1.36,66,1375.05,2,4,1,9,1,0,0,0.0423
1.37,69,1862.38,1,4,0,2,1,0,1,0.0156
1.37,63,1626.8,5,4,0,2,1,0,1,0.0949
1.39,71,1862.38,1,4,1,9,1,0,1,0.0156
1.41,73,1862.38,1,4,0,0,1,0,1,0.0146
1.43,74,1862.38,1,4,0,0,1,0,1,0.0146
1.43,70,1657.3,3,4,1,9,1,0,1,0.0595
1.43,75,1372.17,2,4,0,2,1,0,0,0.0163
1.45,76,1862.38,1,4,0,0,1,0,1,0.0146
1.47,78,1862.38,1,4,0,0,1,0,1,0.0146
1.47,72,1626.8,5,4,1,9,1,0,1,0.0949
1.49,80,1862.38,1,4,0,0,1,0,1,0.0146
1.5,79,1654.57,3,4,0,0,1,0,0,0.0296
1.51,82,1862.38,1,4,0,0,1,0,1,0.0146
1.53,83,1862.38,1,4,0,0,1,0,1,0.0146
1.53,84,1368.32,2,4,0,2,1,0,0,0.0153
1.55,85,1862.38,1,4,0,0,1,0,1,0.0146
1.57,87,1862.38,1,4,0,0,1,0,1,0.0146
1.57,81,1626.8,5,4,1,9,1,0,1,0.0949
1.59,89,1862.38,1,4,0,0,1,0,1,0.0146
1.6,88,1650.65,3,4,1,9,1,0,1,0.0305
1.61,91,1862.38,1,4,1,9,1,0,1,0.0156
1.62,93,1364.78,2,4,0,0,1,0,0,0.0064
1.63,92,1862.38,1,4,1,9,1,0,1,0.0156
1.65,94,1862.38,1,4,0,2,1,0,1,0.0156
1.67,96,1862.38,1,4,0,1,1,0,1,0.0146
1.67,90,1626.8,5,4,0,0,1,0,1,0.094
1.69,98,1862.38,1,4,1,9,1,0,1,0.0156
1.7,97,1646.8,3,4,0,0,1,0,1,0.0296
1.71,100,1862.38,1,4,1,9,1,0,1,0.0156
1.73,101,1862.38,1,4,1,9,1,0,1,0.0156
1.75,103,1862.38,1,4,1,9,1,0,1,0.0156
1.75,102,1359.77,2,4,1,9,1,0,0,0.0353
1.77,105,1862.38,1,4,0,2,1,0,1,0.0156
1.77,99,1626.8,5,4,0,2,1,0,1,0.0949
1.79,107,1862.38,1,4,1,9,1,0,1,0.0156
1.8,106,1642.87,3,4,0,2,1,0,1,0.0305
1.81,109,1862.38,1,4,1,9,1,0,1,0.0156
1.83,110,1862.38,1,4,1,9,1,0,1,0.0156
1.84,108,1626.8,5,4,0,2,1,0,0,0.0609
1.85,112,1862.38,1,4,0,2,1,0,1,0.0156
1.87,114,1862.38,1,4,1,9,1,0,1,0.0156
1.88,111,1354.75,2,4,1,9,1,0,0,0.0643
1.89,116,1862.38,1,4,0,2,1,0,1,0.0156
1.9,115,1638.98,3,4,0,2,1,0,1,0.0305
1.9,118,1862.38,1,4,0,0,1,0,0,0.0116
1.92,119,1862.38,1,4,0,0,1,0,1,0.0116
1.92,120,1353.08,2,4,1,9,1,0,0,0.0073
1.94,117,1626.8,5,4,0,0,1,0,1,0.06
1.94,121,1862.38,1,4,0,0,1,0,1,0.0116
1.96,123,1862.38,1,4,0,0,1,0,1,0.0116
1.98,125,1862.38,1,4,0,0,1,0,1,0.0116
2,124,1635.1,3,4,1,9,1,0,1,0.0305
0.28,1,209.744,2,5,1,9,1,0,0,0.0603
0.34,2,212.271,2,5,1,9,1,0,0,0.0253
0.46,4,1626.8,4,5,0,0,1,0,0,0.0141
0.47,3,217.402,2,5,1,9,1,0,0,0.0573
0.57,5,221.212,2,5,1,9,1,0,0,0.0553
0.59,6,1626.8,4,5,1,9,1,0,0,0.045
0.63,7,235.578,1,5,1,9,1,0,0,0.0156
0.65,9,235.578,1,5,1,9,1,0,1,0.0156
0.67,11,235.578,1,5,1,9,1,0,1,0.0156
0.67,10,1626.8,4,5,0,0,1,0,0,0.0301
0.68,8,225.527,2,5,1,9,1,0,0,0.0663
0.69,12,235.578,1,5,1,9,1,0,1,0.0156
0.71,13,235.578,1,5,1,9,1,0,1,0.0156
0.73,14,235.578,1,5,1,9,1,0,1,0.0156
0.74,15,227.549,2,5,1,9,1,0,0,0.0183
0.75,16,235.578,1,5,1,9,1,0,1,0.0156
0.75,17,1626.8,4,5,0,2,1,0,0,0.013
0.77,18,235.578,1,5,1,9,1,0,1,0.0156
0.79,19,235.578,1,5,1,9,1,0,1,0.0156
0.81,20,235.578,1,5,1,9,1,0,1,0.0156
0.83,21,235.578,1,5,1,9,1,0,1,0.0156
0.85,23,235.578,1,5,1,9,1,0,1,0.0156
0.87,25,235.578,1,5,1,9,1,0,1,0.0156
0.87,24,1626.8,4,5,1,9,1,0,0,0.03
0.89,27,235.578,1,5,1,9,1,0,1,0.0156
0.91,28,235.578,1,5,1,9,1,0,1,0.0156
0.91,22,234.468,2,5,1,9,1,0,0,0.0963
0.93,29,235.578,1,5,1,9,1,0,1,0.0156
0.93,26,50.0763,3,5,1,9,1,0,0,0.0595
0.95,31,235.578,1,5,1,9,1,0,1,0.0156
0.95,30,235.868,2,5,1,9,1,0,0,0.0323
0.97,33,235.578,1,5,1,9,1,0,1,0.0156
0.97,32,1626.8,4,5,1,9,1,0,0,0.027
0.99,35,235.578,1,5,1,9,1,0,1,0.0156
1.01,37,235.578,1,5,1,9,1,0,1,0.0156
1.03,38,235.578,1,5,1,9,1,0,1,0.0156
1.03,34,46.2018,3,5,1,9,1,0,1,0.0595
1.03,39,239.094,2,5,1,9,1,0,0,0.0153
1.05,40,235.578,1,5,1,9,1,0,1,0.0156
1.07,42,235.578,1,5,1,9,1,0,1,0.0156
1.09,44,235.578,1,5,1,9,1,0,1,0.0156
1.11,46,235.578,1,5,1,9,1,0,1,0.0156
1.11,41,1626.8,4,5,0,2,1,0,0,0.066
1.13,47,235.578,1,5,1,9,1,0,1,0.0156
1.13,43,42.3297,3,5,1,9,1,0,1,0.0595
1.13,48,242.787,2,5,1,9,1,0,0,0.0103
1.15,49,235.578,1,5,1,9,1,0,1,0.0156
1.17,51,235.578,1,5,1,9,1,0,1,0.0156
1.19,53,235.578,1,5,1,9,1,0,1,0.0156
1.21,55,235.578,1,5,1,9,1,0,1,0.0156
1.23,56,235.578,1,5,1,9,1,0,1,0.0156
1.23,52,38.4608,3,5,1,9,1,0,1,0.0595
1.24,50,1626.8,4,5,0,0,1,0,0,0.0951
1.25,58,235.578,1,5,1,9,1,0,1,0.0156
1.27,59,1626.8,4,5,0,0,1,0,0,0.0231
1.27,60,235.578,1,5,1,9,1,0,1,0.0156
1.29,62,235.578,1,5,1,9,1,0,1,0.0156
1.31,64,235.578,1,5,1,9,1,0,1,0.0156
1.31,57,249.824,2,5,1,9,1,0,0,0.0913
1.33,65,235.578,1,5,1,9,1,0,1,0.0156
1.33,61,34.5963,3,5,1,9,1,0,1,0.0595
1.35,67,235.578,1,5,1,9,1,0,1,0.0156
1.36,66,251.806,2,5,1,9,1,0,0,0.0423
1.37,69,235.578,1,5,1,9,1,0,1,0.0156
1.39,71,235.578,1,5,1,9,1,0,1,0.0156
1.4,68,1626.8,4,5,1,9,1,0,0,0.06
1.41,73,235.578,1,5,1,9,1,0,1,0.0156
1.43,74,235.578,1,5,1,9,1,0,1,0.0156
1.43,70,30.7377,3,5,1,9,1,0,1,0.0595
1.43,75,254.683,2,5,1,9,1,0,0,0.0163
1.45,76,235.578,1,5,1,9,1,0,1,0.0156
1.47,78,235.578,1,5,1,9,1,0,1,0.0156
1.47,77,1626.8,4,5,1,9,1,0,0,0.025
1.49,80,235.578,1,5,1,9,1,0,1,0.0156
1.5,79,28.0029,3,5,1,9,1,0,0,0.0305
1.51,82,235.578,1,5,1,9,1,0,1,0.0156
1.53,83,235.578,1,5,1,9,1,0,1,0.0156
1.53,84,258.532,2,5,1,9,1,0,0,0.0153
1.55,85,235.578,1,5,1,9,1,0,1,0.0156
1.57,87,235.578,1,5,1,9,1,0,1,0.0156
1.57,86,1626.8,4,5,1,9,1,0,0,0.031
1.59,89,235.578,1,5,1,9,1,0,1,0.0156
1.6,88,24.1612,3,5,1,9,1,0,1,0.0305
1.61,91,235.578,1,5,1,9,1,0,1,0.0156
1.62,93,262.108,2,5,1,9,1,0,0,0.0073
1.63,92,235.578,1,5,1,9,1,0,1,0.0156
1.65,94,235.578,1,5,1,9,1,0,1,0.0156
1.67,95,1626.8,4,5,0,0,1,0,0,0.0231
1.67,96,235.578,1,5,1,9,1,0,1,0.0156
1.69,98,235.578,1,5,1,9,1,0,1,0.0156
1.7,97,20.337,3,5,1,9,1,0,1,0.0305
1.71,100,235.578,1,5,1,9,1,0,1,0.0156
1.73,101,235.578,1,5,1,9,1,0,1,0.0156
1.75,103,235.578,1,5,1,9,1,0,1,0.0156
1.75,102,267.084,2,5,1,9,1,0,0,0.0353
1.77,105,235.578,1,5,1,9,1,0,1,0.0156
1.78,104,1626.8,4,5,1,9,1,0,0,0.042
1.79,107,235.578,1,5,1,9,1,0,1,0.0156
1.8,106,16.5427,3,5,1,9,1,0,1,0.0305
1.81,109,235.578,1,5,1,9,1,0,1,0.0156
1.83,110,235.578,1,5,1,9,1,0,1,0.0156
1.85,112,235.578,1,5,1,9,1,0,1,0.0156
1.87,114,235.578,1,5,1,9,1,0,1,0.0156
1.87,113,1626.8,4,5,1,9,1,0,0,0.028
1.88,111,272.099,2,5,1,9,1,0,0,0.0643
1.89,116,235.578,1,5,1,9,1,0,1,0.0156
1.9,115,12.8046,3,5,1,9,1,0,1,0.0305
1.9,118,235.578,1,5,1,9,1,0,0,0.0126
1.92,119,235.578,1,5,1,9,1,0,1,0.0126
1.92,120,273.771,2,5,1,9,1,0,0,0.0073
1.94,121,235.578,1,5,1,9,1,0,1,0.0126
1.96,123,235.578,1,5,1,9,1,0,1,0.0126
1.98,122,1626.8,4,5,0,0,1,0,0,0.0401
1.98,125,235.578,1,5,1,9,1,0,1,0.0126
2,124,9.19177,3,5,1,9,1,0,1,0.0305
0.28,1,284.817,2,3,1,9,1,0,0,0.0603
0.34,2,284.817,2,3,1,9,1,0,0,0.0253
0.46,4,1694.97,4,3,1,9,1,0,0,0.015
0.47,3,284.817,2,3,1,9,1,0,0,0.0573
0.57,5,284.817,2,3,1,9,1,0,0,0.0553
0.59,6,1689.92,4,3,0,2,1,0,0,0.045
0.63,7,174.044,1,3,1,9,1,0,0,0.0156
0.65,9,174.821,1,3,1,9,1,0,1,0.0156
0.67,11,175.598,1,3,1,9,1,0,1,0.0156
0.67,10,1686.57,4,3,0,2,1,0,0,0.031
0.68,8,284.817,2,3,1,9,1,0,0,0.0663
0.69,12,176.376,1,3,1,9,1,0,1,0.0156
0.71,13,177.153,1,3,1,9,1,0,1,0.0156
0.73,14,177.931,1,3,1,9,1,0,1,0.0156
0.74,15,284.817,2,3,1,9,1,0,0,0.0183
0.75,16,178.708,1,3,1,9,1,0,1,0.0156
0.75,17,1683.38,4,3,1,9,1,0,0,0.013
0.77,18,179.486,1,3,1,9,1,0,1,0.0156
0.79,19,180.263,1,3,1,9,1,0,1,0.0156
0.81,20,181.04,1,3,1,9,1,0,1,0.0156
0.83,21,181.818,1,3,1,9,1,0,1,0.0156
0.85,23,182.595,1,3,1,9,1,0,1,0.0156
0.87,25,183.373,1,3,1,9,1,0,1,0.0156
0.87,24,1678.83,4,3,1,9,1,0,0,0.03
0.89,27,184.15,1,3,1,9,1,0,1,0.0156
0.91,28,184.927,1,3,1,9,1,0,1,0.0156
0.91,22,284.817,2,3,1,9,1,0,0,0.0963
0.93,29,185.669,1,3,0,1,1,0,1,0.0146
0.95,31,186.482,1,3,1,9,1,0,1,0.0156
0.95,30,284.817,2,3,1,9,1,0,0,0.0323
0.97,33,187.26,1,3,1,9,1,0,1,0.0156
0.97,32,1675.06,4,3,1,9,1,0,0,0.027
0.99,35,188.037,1,3,1,9,1,0,1,0.0156
1.01,37,188.815,1,3,1,9,1,0,1,0.0156
1.03,38,189.556,1,3,0,1,1,0,1,0.0146
1.03,39,284.817,2,3,1,9,1,0,0,0.0153
1.05,40,190.369,1,3,1,9,1,0,1,0.0156
1.07,42,191.147,1,3,1,9,1,0,1,0.0156
1.07,36,44.4977,5,3,1,9,1,0,0,0.0949
1.09,44,191.924,1,3,1,9,1,0,1,0.0156
1.11,46,192.702,1,3,1,9,1,0,1,0.0156
1.11,41,1669.66,4,3,0,2,1,0,0,0.066
1.12,47,193.443,1,3,0,1,1,0,1,0.0146
1.13,48,284.817,2,3,1,9,1,0,0,0.0103
1.15,49,194.257,1,3,1,9,1,0,1,0.0156
1.17,51,195.034,1,3,1,9,1,0,1,0.0156
1.17,45,40.6269,5,3,1,9,1,0,1,0.0949
1.19,53,195.811,1,3,1,9,1,0,1,0.0156
1.21,55,196.589,1,3,1,9,1,0,1,0.0156
1.23,56,197.33,1,3,0,1,1,0,1,0.0146
1.24,50,1664.6,4,3,0,2,1,0,0,0.096
1.25,58,198.144,1,3,1,9,1,0,1,0.0156
1.27,60,198.921,1,3,1,9,1,0,1,0.0156
1.27,59,1663.52,4,3,1,9,1,0,0,0.024
1.27,54,36.7598,5,3,1,9,1,0,1,0.0949
1.29,62,199.699,1,3,1,9,1,0,1,0.0156
1.31,64,200.476,1,3,1,9,1,0,1,0.0156
1.31,57,284.817,2,3,1,9,1,0,0,0.0913
1.33,65,201.217,1,3,0,1,1,0,1,0.0146
1.35,67,202.031,1,3,1,9,1,0,1,0.0156
1.36,66,284.817,2,3,1,9,1,0,0,0.0423
1.37,69,202.808,1,3,1,9,1,0,1,0.0156
1.37,63,32.8976,5,3,1,9,1,0,1,0.0949
1.39,71,203.586,1,3,1,9,1,0,1,0.0156
1.4,68,1658.23,4,3,1,9,1,0,0,0.06
1.41,73,204.363,1,3,1,9,1,0,1,0.0156
1.43,74,205.105,1,3,0,1,1,0,1,0.0146
1.43,75,284.817,2,3,1,9,1,0,0,0.0163
1.45,76,205.918,1,3,1,9,1,0,1,0.0156
1.47,78,206.696,1,3,1,9,1,0,1,0.0156
1.47,77,1655.7,4,3,0,2,1,0,0,0.025
1.47,72,29.0423,5,3,1,9,1,0,1,0.0949
1.49,80,207.473,1,3,1,9,1,0,1,0.0156
1.51,82,208.251,1,3,1,9,1,0,1,0.0156
1.53,83,209.028,1,3,1,9,1,0,1,0.0156
1.53,84,284.817,2,3,1,9,1,0,0,0.0153
1.55,85,209.805,1,3,1,9,1,0,1,0.0156
1.57,87,210.583,1,3,1,9,1,0,1,0.0156
1.57,81,25.1971,5,3,1,9,1,0,1,0.0949
1.57,86,1651.62,4,3,0,0,1,0,0,0.0301
1.59,89,211.36,1,3,1,9,1,0,1,0.0156
1.61,91,212.138,1,3,1,9,1,0,1,0.0156
1.62,93,284.817,2,3,1,9,1,0,0,0.0073
1.63,92,212.915,1,3,1,9,1,0,1,0.0156
1.65,94,213.693,1,3,1,9,1,0,1,0.0156
1.67,96,214.47,1,3,1,9,1,0,1,0.0156
1.67,95,1647.96,4,3,1,9,1,0,0,0.024
1.67,90,21.3673,5,3,1,9,1,0,1,0.0949
1.69,98,215.248,1,3,1,9,1,0,1,0.0156
1.71,100,216.025,1,3,1,9,1,0,1,0.0156
1.73,101,216.803,1,3,1,9,1,0,1,0.0156
1.75,103,217.58,1,3,1,9,1,0,1,0.0156
1.75,102,284.817,2,3,1,9,1,0,0,0.0353
1.77,105,218.358,1,3,1,9,1,0,1,0.0156
1.77,99,17.5631,5,3,1,9,1,0,1,0.0949
1.78,104,1643.41,4,3,0,0,1,0,0,0.0411
1.79,107,219.135,1,3,1,9,1,0,1,0.0156
1.81,109,219.913,1,3,1,9,1,0,1,0.0156
1.83,110,220.69,1,3,1,9,1,0,1,0.0156
1.84,108,15.0758,5,3,1,9,1,0,0,0.0609
1.85,112,221.467,1,3,1,9,1,0,1,0.0156
1.87,114,222.245,1,3,1,9,1,0,1,0.0156
1.87,113,1640.03,4,3,0,2,1,0,0,0.028
1.88,111,284.817,2,3,1,9,1,0,0,0.0643
1.89,116,223.022,1,3,1,9,1,0,1,0.0156
1.9,118,223.683,1,3,1,9,1,0,0,0.0126
1.92,119,224.461,1,3,1,9,1,0,1,0.0126
1.92,120,284.817,2,3,1,9,1,0,0,0.0073
1.94,117,11.374,5,3,1,9,1,0,1,0.0609
1.94,121,225.238,1,3,1,9,1,0,1,0.0126
1.96,123,226.016,1,3,1,9,1,0,1,0.0126
1.98,125,226.793,1,3,1,9,1,0,1,0.0126
1.98,122,1635.64,4,3,0,2,1,0,0,0.041
2,127,227.571,1,3,1,9,1,0,1,0.0126
2,127,1862.38,1,4,0,2,1,0,1,0.0126
2.02,128,1862.38,1,4,0,2,1,0,1,0.0126
2.04,126,1626.8,5,4,1,9,1,0,1,0.0609
2.04,130,1862.38,1,4,0,2,1,0,1,0.0126
2.06,132,1862.38,1,4,0,2,1,0,1,0.0126
2.08,134,1862.38,1,4,0,2,1,0,1,0.0126
2.1,133,1631.24,3,4,0,0,1,0,1,0.0296
2.1,136,1862.38,1,4,0,2,1,0,1,0.0126
2.11,129,1345.85,2,4,0,2,1,0,0,0.0933
2.12,137,1862.38,1,4,1,9,1,0,1,0.0126
2.14,135,1626.8,5,4,0,0,1,0,1,0.06
2.14,138,1344.8,2,4,0,2,1,0,0,0.0203
2.14,139,1862.38,1,4,0,2,1,0,1,0.0126
2.16,141,1862.38,1,4,0,2,1,0,1,0.0126
2.18,143,1862.38,1,4,0,2,1,0,1,0.0126
2.2,142,1627.36,3,4,0,0,1,0,1,0.0296
2.2,145,1862.38,1,4,0,2,1,0,1,0.0126
2.22,146,1862.38,1,4,0,2,1,0,1,0.0126
2.24,144,1626.8,5,4,0,2,1,0,1,0.0609
2.24,148,1862.38,1,4,0,2,1,0,1,0.0126
2.25,147,1340.41,2,4,1,9,1,0,0,0.0333
2.26,150,1862.38,1,4,0,2,1,0,1,0.0126
2.28,152,1862.38,1,4,0,2,1,0,1,0.0126
2.3,151,1623.43,3,4,1,9,1,0,1,0.0305
2.3,154,1862.38,1,4,0,0,1,0,1,0.0116
2.32,155,1862.38,1,4,0,0,1,0,1,0.0116
2.34,153,1626.8,5,4,1,9,1,0,1,0.0609
2.34,157,1862.38,1,4,0,0,1,0,1,0.0116
2.36,159,1862.38,1,4,0,0,1,0,1,0.0116
2.38,161,1862.38,1,4,0,0,1,0,1,0.0116
2.39,156,1334.89,2,4,0,2,1,0,0,0.0753
2.4,160,1619.54,3,4,1,9,1,0,1,0.0305
2.4,163,1862.38,1,4,1,9,1,0,1,0.0126
2.42,164,1862.38,1,4,1,9,1,0,1,0.0126
2.44,162,1626.8,5,4,0,2,1,0,1,0.0609
2.44,166,1862.38,1,4,1,9,1,0,1,0.0126
2.46,168,1862.38,1,4,1,9,1,0,1,0.0126
2.48,170,1862.38,1,4,0,2,1,0,1,0.0126
2.5,169,1615.66,3,4,1,9,1,0,1,0.0305
2.5,172,1862.38,1,4,0,2,1,0,1,0.0126
2.51,165,1330.22,2,4,1,9,1,0,0,0.0953
2.52,173,1862.38,1,4,0,2,1,0,1,0.0126
2.54,171,1626.8,5,4,1,9,1,0,1,0.0609
2.54,174,1329.13,2,4,0,2,1,0,0,0.0233
2.54,175,1862.38,1,4,0,2,1,0,1,0.0126
2.56,177,1862.38,1,4,0,2,1,0,1,0.0126
2.58,179,1862.38,1,4,0,2,1,0,1,0.0126
2.6,178,1611.77,3,4,1,9,1,0,1,0.0305
2.6,181,1862.38,1,4,0,0,1,0,1,0.0116
2.62,182,1862.38,1,4,0,0,1,0,1,0.0116
2.64,180,1626.8,5,4,0,0,1,0,1,0.06
2.64,184,1862.38,1,4,0,0,1,0,1,0.0116
2.66,186,1862.38,1,4,0,0,1,0,1,0.0116
2.68,183,1323.73,2,4,0,2,1,0,0,0.0623
2.68,188,1862.38,1,4,0,0,1,0,1,0.0116
2.7,187,1607.88,3,4,1,9,1,0,1,0.0305
2.7,190,1862.38,1,4,0,0,1,0,1,0.0116
2.72,191,1862.38,1,4,0,0,1,0,1,0.0116
2.74,193,1862.38,1,4,0,0,1,0,1,0.0116
2.76,189,1626.8,5,4,1,9,1,0,0,0.0859
2.76,195,1862.38,1,4,0,0,1,0,1,0.0116
2.78,197,1862.38,1,4,0,0,1,0,1,0.0116
2.79,192,1319.57,2,4,1,9,1,0,0,0.0693
2.8,196,1603.99,3,4,1,9,1,0,1,0.0305
2.8,199,1862.38,1,4,0,2,1,0,1,0.0126
2.82,200,1862.38,1,4,0,2,1,0,1,0.0126
2.84,202,1862.38,1,4,0,2,1,0,1,0.0126
2.86,198,1626.8,5,4,1,9,1,0,1,0.0859
2.86,204,1862.38,1,4,0,2,1,0,1,0.0126
2.88,206,1862.38,1,4,0,2,1,0,1,0.0126
2.9,201,1315.21,2,4,1,9,1,0,0,0.0813
2.9,208,1862.38,1,4,0,2,1,0,1,0.0126
2.92,210,1314.36,2,4,1,9,1,0,0,0.0033
2.92,209,1862.38,1,4,1,9,1,0,0,0.0116
2.93,205,1598.98,3,4,1,9,1,0,0,0.0595
2.94,211,1862.38,1,4,0,2,1,0,1,0.0116
2.96,207,1626.8,5,4,1,9,1,0,1,0.0859
2.96,213,1862.38,1,4,1,9,1,0,1,0.0116
2.98,215,1862.38,1,4,1,9,1,0,1,0.0116
3,217,1862.38,1,4,0,0,1,0,1,0.0106
3.02,218,1862.38,1,4,0,0,1,0,1,0.0106
3.03,214,1595.09,3,4,1,9,1,0,1,0.0595
3.04,220,1862.38,1,4,0,0,1,0,1,0.0106
3.06,216,1626.8,5,4,1,9,1,0,1,0.0859
3.06,222,1862.38,1,4,0,0,1,0,1,0.0106
3.08,224,1862.38,1,4,0,0,1,0,1,0.0106
3.09,219,1307.63,2,4,0,2,1,0,0,0.0763
3.1,226,1862.38,1,4,0,0,1,0,1,0.0106
3.12,227,1862.38,1,4,0,0,1,0,1,0.0106
3.13,223,1591.2,3,4,1,9,1,0,1,0.0595
3.14,229,1862.38,1,4,0,0,1,0,1,0.0106
3.16,225,1626.8,5,4,0,2,1,0,1,0.0859
3.16,231,1862.38,1,4,0,0,1,0,1,0.0106
3.18,233,1862.38,1,4,0,0,1,0,1,0.0106
3.2,235,1862.38,1,4,1,9,1,0,1,0.0116
3.21,228,1303.28,2,4,0,2,1,0,0,0.0883
3.22,236,1862.38,1,4,1,9,1,0,1,0.0116
3.23,232,1587.31,3,4,1,9,1,0,1,0.0595
3.24,238,1862.38,1,4,0,2,1,0,1,0.0116
3.26,234,1626.8,5,4,1,9,1,0,1,0.0859
3.26,240,1862.38,1,4,0,2,1,0,1,0.0116
3.28,242,1862.38,1,4,0,2,1,0,1,0.0116
3.3,244,1862.38,1,4,0,2,1,0,1,0.0116
3.3,237,1299.54,2,4,1,9,1,0,0,0.0843
3.32,245,1862.38,1,4,1,9,1,0,1,0.0116
3.33,241,1583.42,3,4,0,2,1,0,1,0.0595
3.34,247,1862.38,1,4,1,9,1,0,1,0.0116
3.36,243,1626.8,5,4,1,9,1,0,1,0.0859
3.36,249,1862.38,1,4,0,2,1,0,1,0.0116
3.38,246,1296.47,2,4,0,2,1,0,0,0.0633
3.38,251,1862.38,1,4,1,9,1,0,1,0.0116
3.4,253,1862.38,1,4,0,0,1,0,1,0.0106
3.42,254,1862.38,1,4,0,0,1,0,1,0.0106
3.43,250,1579.57,3,4,0,0,1,0,1,0.0586
3.44,256,1862.38,1,4,0,0,1,0,1,0.0106
3.46,252,1626.8,5,4,0,2,1,0,1,0.0859
3.46,258,1862.38,1,4,0,0,1,0,1,0.0106
3.47,255,1293.13,2,4,0,2,1,0,0,0.0493
3.48,260,1862.38,1,4,0,0,1,0,1,0.0106
3.5,262,1862.38,1,4,0,0,1,0,1,0.0106
3.52,263,1862.38,1,4,0,0,1,0,1,0.0106
3.53,264,1290.87,2,4,0,0,1,0,0,0.0074
3.53,259,1575.68,3,4,0,0,1,0,1,0.0586
3.54,265,1862.38,1,4,0,0,1,0,1,0.0106
3.56,261,1626.8,5,4,1,9,1,0,1,0.0859
3.56,267,1862.38,1,4,0,0,1,0,1,0.0106
3.58,269,1862.38,1,4,0,0,1,0,1,0.0106
3.6,271,1862.38,1,4,0,0,1,0,1,0.0106
3.62,272,1862.38,1,4,0,0,1,0,1,0.0106
3.63,268,1571.76,3,4,0,2,1,0,1,0.0595
3.64,273,1286.44,2,4,1,9,1,0,0,0.0213
3.64,274,1862.38,1,4,0,0,1,0,1,0.0106
3.66,270,1626.8,5,4,0,2,1,0,1,0.0859
3.66,276,1862.38,1,4,0,0,1,0,1,0.0106
3.68,278,1862.38,1,4,0,0,1,0,1,0.0106
3.7,280,1862.38,1,4,0,0,1,0,1,0.0106
3.72,281,1862.38,1,4,0,0,1,0,1,0.0106
3.73,277,1567.87,3,4,1,9,1,0,1,0.0595
3.74,283,1862.38,1,4,0,0,1,0,1,0.0106
3.76,279,1626.8,5,4,0,2,1,0,1,0.0859
3.76,285,1862.38,1,4,0,0,1,0,1,0.0106
3.78,282,1281.04,2,4,0,2,1,0,0,0.0603
3.78,287,1862.38,1,4,0,0,1,0,1,0.0106
3.8,289,1862.38,1,4,1,9,1,0,1,0.0116
3.82,290,1862.38,1,4,0,2,1,0,1,0.0116
3.83,286,1563.98,3,4,1,9,1,0,1,0.0595
3.84,292,1862.38,1,4,0,2,1,0,1,0.0116
3.85,291,1278.04,2,4,1,9,1,0,0,0.0373
3.86,288,1626.8,5,4,1,9,1,0,1,0.0859
3.86,294,1862.38,1,4,1,9,1,0,1,0.0116
3.88,296,1862.38,1,4,0,2,1,0,1,0.0116
3.9,298,1862.38,1,4,0,0,1,0,1,0.0106
3.92,299,1862.38,1,4,0,0,1,0,1,0.0106
3.92,300,1275.44,2,4,1,9,1,0,0,0.0043
3.93,295,1560.1,3,4,1,9,1,0,1,0.0595
3.94,301,1862.38,1,4,0,0,1,0,1,0.0106
3.94,297,1626.8,5,4,1,9,1,0,0,0.0699
3.96,303,1862.38,1,4,0,0,1,0,1,0.0106
3.98,305,1862.38,1,4,0,0,1,0,1,0.0106
4,307,1862.38,1,4,0,0,1,0,1,0.0106
2,127,512.368,1,2,1,9,1,0,1,0.0126
2.02,128,513.146,1,2,1,9,1,0,1,0.0126
2.04,126,278.086,5,2,1,9,1,0,1,0.0609
2.04,130,513.923,1,2,1,9,1,0,1,0.0126
2.06,132,514.701,1,2,1,9,1,0,1,0.0126
2.08,134,515.478,1,2,1,9,1,0,1,0.0126
2.1,133,284.817,3,2,1,9,1,0,1,0.0305
2.1,136,516.256,1,2,1,9,1,0,1,0.0126
2.12,137,517.033,1,2,1,9,1,0,1,0.0126
2.14,135,281.974,5,2,1,9,1,0,1,0.0609
2.14,131,1344.64,4,2,0,2,1,0,0,0.1
2.14,139,517.811,1,2,1,9,1,0,1,0.0126
2.16,141,518.589,1,2,1,9,1,0,1,0.0126
2.17,140,1343.44,4,2,1,9,1,0,0,0.031
2.18,143,519.366,1,2,1,9,1,0,1,0.0126
2.2,142,284.817,3,2,1,9,1,0,1,0.0305
2.2,145,520.144,1,2,1,9,1,0,1,0.0126
2.22,146,520.921,1,2,1,9,1,0,1,0.0126
2.24,144,285.861,5,2,1,9,1,0,1,0.0609
2.24,148,521.699,1,2,1,9,1,0,1,0.0126
2.26,150,522.476,1,2,1,9,1,0,1,0.0126
2.28,152,523.254,1,2,1,9,1,0,1,0.0126
2.3,151,284.817,3,2,1,9,1,0,1,0.0305
2.3,154,524.032,1,2,1,9,1,0,1,0.0126
2.32,155,524.809,1,2,1,9,1,0,1,0.0126
2.34,153,289.749,5,2,1,9,1,0,1,0.0609
2.34,149,1336.91,4,2,0,2,1,0,0,0.099
2.34,157,525.587,1,2,1,9,1,0,1,0.0126
2.36,159,526.364,1,2,1,9,1,0,1,0.0126
2.38,161,527.142,1,2,1,9,1,0,1,0.0126
2.4,160,284.817,3,2,1,9,1,0,1,0.0305
2.4,163,527.919,1,2,1,9,1,0,1,0.0126
2.41,158,1334.38,4,2,0,2,1,0,0,0.064
2.42,164,528.697,1,2,1,9,1,0,1,0.0126
2.44,162,293.637,5,2,1,9,1,0,1,0.0609
2.44,166,529.475,1,2,1,9,1,0,1,0.0126
2.46,168,530.252,1,2,1,9,1,0,1,0.0126
2.48,170,531.03,1,2,1,9,1,0,1,0.0126
2.5,169,284.817,3,2,1,9,1,0,1,0.0305
2.5,172,531.807,1,2,1,9,1,0,1,0.0126
2.52,173,532.585,1,2,1,9,1,0,1,0.0126
2.53,167,1329.64,4,2,1,9,1,0,0,0.086
2.54,171,297.524,5,2,1,9,1,0,1,0.0609
2.54,175,533.363,1,2,1,9,1,0,1,0.0126
2.56,177,534.14,1,2,1,9,1,0,1,0.0126
2.58,179,534.918,1,2,1,9,1,0,1,0.0126
2.6,178,284.817,3,2,1,9,1,0,1,0.0305
2.6,181,535.695,1,2,1,9,1,0,1,0.0126
2.6,176,1326.72,4,2,0,2,1,0,0,0.061
2.62,182,536.473,1,2,1,9,1,0,1,0.0126
2.64,180,301.412,5,2,1,9,1,0,1,0.0609
2.64,184,537.25,1,2,1,9,1,0,1,0.0126
2.66,186,538.028,1,2,1,9,1,0,1,0.0126
2.68,185,1323.81,4,2,0,2,1,0,0,0.036
2.68,188,538.806,1,2,1,9,1,0,1,0.0126
2.7,187,284.817,3,2,1,9,1,0,1,0.0305
2.7,190,539.583,1,2,1,9,1,0,1,0.0126
2.72,191,540.361,1,2,1,9,1,0,1,0.0126
2.74,193,541.138,1,2,1,9,1,0,1,0.0126
2.75,194,1320.97,4,2,1,9,1,0,0,0.009
2.76,189,306.271,5,2,1,9,1,0,0,0.0859
2.76,195,541.916,1,2,1,9,1,0,1,0.0126
2.78,197,542.693,1,2,1,9,1,0,1,0.0126
2.8,196,284.817,3,2,1,9,1,0,1,0.0305
2.8,199,543.471,1,2,1,9,1,0,1,0.0126
2.82,200,544.249,1,2,1,9,1,0,1,0.0126
2.84,202,545.026,1,2,1,9,1,0,1,0.0126
2.86,198,310.159,5,2,1,9,1,0,1,0.0859
2.86,204,545.804,1,2,1,9,1,0,1,0.0126
2.88,206,546.581,1,2,1,9,1,0,1,0.0126
2.89,203,1315.37,4,2,1,9,1,0,0,0.053
2.9,208,547.359,1,2,1,9,1,0,1,0.0126
2.92,209,548.098,1,2,1,9,1,0,0,0.0116
2.93,205,284.817,3,2,1,9,1,0,0,0.0595
2.94,211,548.875,1,2,1,9,1,0,1,0.0116
2.96,207,314.047,5,2,1,9,1,0,1,0.0859
2.96,213,549.653,1,2,1,9,1,0,1,0.0116
2.98,215,550.43,1,2,1,9,1,0,1,0.0116
3,217,551.208,1,2,1,9,1,0,1,0.0116
3.01,212,1311.01,4,2,0,2,1,0,0,0.065
3.02,218,551.986,1,2,1,9,1,0,1,0.0116
3.03,214,284.817,3,2,1,9,1,0,1,0.0595
3.04,220,552.763,1,2,1,9,1,0,1,0.0116
3.05,221,1309.42,4,2,0,2,1,0,0,0.006
3.06,216,317.935,5,2,1,9,1,0,1,0.0859
3.06,222,553.541,1,2,1,9,1,0,1,0.0116
3.08,224,554.318,1,2,1,9,1,0,1,0.0116
3.1,226,555.096,1,2,1,9,1,0,1,0.0116
3.12,227,555.873,1,2,1,9,1,0,1,0.0116
3.13,223,284.817,3,2,1,9,1,0,1,0.0595
3.14,229,556.651,1,2,1,9,1,0,1,0.0116
3.16,225,321.822,5,2,1,9,1,0,1,0.0859
3.16,231,557.429,1,2,1,9,1,0,1,0.0116
3.18,233,558.206,1,2,1,9,1,0,1,0.0116
3.2,235,558.984,1,2,1,9,1,0,1,0.0116
3.21,230,1302.97,4,2,0,2,1,0,0,0.072
3.22,236,559.761,1,2,1,9,1,0,1,0.0116
3.23,232,284.817,3,2,1,9,1,0,1,0.0595
3.24,238,560.539,1,2,1,9,1,0,1,0.0116
3.25,239,1301.37,4,2,1,9,1,0,0,0.013
3.26,234,325.71,5,2,1,9,1,0,1,0.0859
3.26,240,561.317,1,2,1,9,1,0,1,0.0116
3.28,242,562.094,1,2,1,9,1,0,1,0.0116
3.3,244,562.836,1,2,0,1,1,0,1,0.0106
3.32,245,563.649,1,2,1,9,1,0,1,0.0116
3.33,241,284.817,3,2,1,9,1,0,1,0.0595
3.34,247,564.427,1,2,1,9,1,0,1,0.0116
3.36,243,329.598,5,2,1,9,1,0,1,0.0859
3.36,249,565.204,1,2,1,9,1,0,1,0.0116
3.38,251,565.982,1,2,1,9,1,0,1,0.0116
3.4,253,566.76,1,2,1,9,1,0,1,0.0116
3.41,248,1295.23,4,2,0,2,1,0,0,0.071
3.42,254,567.537,1,2,1,9,1,0,1,0.0116
3.43,250,284.817,3,2,1,9,1,0,1,0.0595
3.44,256,568.315,1,2,1,9,1,0,1,0.0116
3.45,257,1293.83,4,2,0,2,1,0,0,0.007
3.46,252,333.485,5,2,1,9,1,0,1,0.0859
3.46,258,569.092,1,2,1,9,1,0,1,0.0116
3.48,260,569.87,1,2,1,9,1,0,1,0.0116
3.5,262,570.647,1,2,1,9,1,0,1,0.0116
3.52,263,571.425,1,2,1,9,1,0,1,0.0116
3.53,259,284.817,3,2,0,1,1,0,1,0.0586
3.54,265,572.203,1,2,1,9,1,0,1,0.0116
3.56,261,337.373,5,2,1,9,1,0,1,0.0859
3.56,267,572.98,1,2,1,9,1,0,1,0.0116
3.58,266,1288.69,4,2,0,0,1,0,0,0.0391
3.58,269,573.758,1,2,1,9,1,0,1,0.0116
3.6,271,574.535,1,2,1,9,1,0,1,0.0116
3.62,272,575.313,1,2,1,9,1,0,1,0.0116
3.63,268,284.817,3,2,1,9,1,0,1,0.0595
3.64,274,576.091,1,2,1,9,1,0,1,0.0116
3.66,270,341.261,5,2,1,9,1,0,1,0.0859
3.66,276,576.868,1,2,1,9,1,0,1,0.0116
3.67,275,1285.16,4,2,0,2,1,0,0,0.03
3.68,278,577.646,1,2,1,9,1,0,1,0.0116
3.7,280,578.423,1,2,1,9,1,0,1,0.0116
3.72,281,579.201,1,2,1,9,1,0,1,0.0116
3.73,277,284.817,3,2,1,9,1,0,1,0.0595
3.74,283,579.978,1,2,1,9,1,0,1,0.0116
3.76,279,345.149,5,2,1,9,1,0,1,0.0859
3.76,285,580.756,1,2,1,9,1,0,1,0.0116
3.78,287,581.534,1,2,1,9,1,0,1,0.0116
3.8,289,582.311,1,2,1,9,1,0,1,0.0116
3.82,290,583.089,1,2,1,9,1,0,1,0.0116
3.83,286,284.817,3,2,1,9,1,0,1,0.0595
3.83,284,1278.98,4,2,0,2,1,0,0,0.089
3.84,292,583.866,1,2,1,9,1,0,1,0.0116
3.86,288,349.036,5,2,1,9,1,0,1,0.0859
3.86,294,584.644,1,2,1,9,1,0,1,0.0116
3.88,296,585.422,1,2,1,9,1,0,1,0.0116
3.9,298,586.199,1,2,1,9,1,0,1,0.0116
3.91,293,1275.71,4,2,1,9,1,0,0,0.073
3.92,299,586.941,1,2,0,1,1,0,1,0.0106
3.93,295,284.817,3,2,1,9,1,0,1,0.0595
3.94,301,587.754,1,2,1,9,1,0,1,0.0116
3.94,297,352.302,5,2,1,9,1,0,0,0.0699
3.96,302,1274,4,2,1,9,1,0,0,0.017
3.96,303,588.532,1,2,1,9,1,0,1,0.0116
3.98,305,589.309,1,2,1,9,1,0,1,0.0116
4,307,590.087,1,2,1,9,1,0,1,0.0116
2,127,235.578,1,5,1,9,1,0,1,0.0126
2.02,128,235.578,1,5,1,9,1,0,1,0.0126
2.04,130,235.578,1,5,1,9,1,0,1,0.0126
2.06,132,235.578,1,5,1,9,1,0,1,0.0126
2.08,134,235.578,1,5,1,9,1,0,1,0.0126
2.1,133,5.9374,3,5,1,9,1,0,1,0.0305
2.1,136,235.578,1,5,1,9,1,0,1,0.0126
2.11,129,281.002,2,5,1,9,1,0,0,0.0933
2.12,137,235.578,1,5,1,9,1,0,1,0.0126
2.14,138,282.052,2,5,1,9,1,0,0,0.0203
2.14,131,1626.8,4,5,0,0,1,0,0,0.0991
2.14,139,235.578,1,5,1,9,1,0,1,0.0126
2.16,141,235.578,1,5,1,9,1,0,1,0.0126
2.17,140,1626.8,4,5,0,0,1,0,0,0.0301
2.18,143,235.578,1,5,1,9,1,0,1,0.0126
2.2,142,4.0311,3,5,1,9,1,0,1,0.0305
2.2,145,235.578,1,5,1,9,1,0,1,0.0126
2.22,146,235.578,1,5,1,9,1,0,1,0.0126
2.24,148,235.578,1,5,1,9,1,0,1,0.0126
2.25,147,286.445,2,5,1,9,1,0,0,0.0333
2.26,150,235.578,1,5,1,9,1,0,1,0.0126
2.28,152,235.578,1,5,1,9,1,0,1,0.0126
2.3,151,5.24213,3,5,1,9,1,0,1,0.0305
2.3,154,235.578,1,5,1,9,1,0,1,0.0126
2.32,155,235.578,1,5,1,9,1,0,1,0.0126
2.34,149,1626.8,4,5,1,9,1,0,0,0.099
2.34,157,235.578,1,5,1,9,1,0,1,0.0126
2.36,159,235.578,1,5,1,9,1,0,1,0.0126
2.38,161,235.578,1,5,1,9,1,0,1,0.0126
2.39,156,291.965,2,5,1,9,1,0,0,0.0753
2.4,160,8.3032,3,5,1,9,1,0,1,0.0305
2.4,163,235.578,1,5,1,9,1,0,1,0.0126
2.41,158,1626.8,4,5,0,2,1,0,0,0.064
2.42,164,235.578,1,5,1,9,1,0,1,0.0126
2.44,166,235.578,1,5,1,9,1,0,1,0.0126
2.46,168,235.578,1,5,1,9,1,0,1,0.0126
2.48,170,235.578,1,5,1,9,1,0,1,0.0126
2.5,169,11.8592,3,5,1,9,1,0,1,0.0305
2.5,172,235.578,1,5,1,9,1,0,1,0.0126
2.51,165,296.63,2,5,1,9,1,0,0,0.0953
2.52,173,235.578,1,5,1,9,1,0,1,0.0126
2.53,167,1626.8,4,5,1,9,1,0,0,0.086
2.54,174,297.719,2,5,1,9,1,0,0,0.0233
2.54,175,235.578,1,5,1,9,1,0,1,0.0126
2.56,177,235.578,1,5,1,9,1,0,1,0.0126
2.58,179,235.578,1,5,1,9,1,0,1,0.0126
2.6,178,15.5746,3,5,1,9,1,0,1,0.0305
2.6,176,1626.8,4,5,0,0,1,0,0,0.0601
2.6,181,235.578,1,5,1,9,1,0,1,0.0126
2.62,182,235.578,1,5,1,9,1,0,1,0.0126
2.64,184,235.578,1,5,1,9,1,0,1,0.0126
2.66,186,235.578,1,5,1,9,1,0,1,0.0126
2.68,185,1626.8,4,5,0,0,1,0,0,0.0351
2.68,183,303.122,2,5,1,9,1,0,0,0.0623
2.68,188,235.578,1,5,1,9,1,0,1,0.0126
2.7,187,19.358,3,5,1,9,1,0,1,0.0305
2.7,190,235.578,1,5,1,9,1,0,1,0.0126
2.72,191,235.578,1,5,1,9,1,0,1,0.0126
2.74,193,235.578,1,5,1,9,1,0,1,0.0126
2.75,194,1626.8,4,5,1,9,1,0,0,0.009
2.76,195,235.578,1,5,1,9,1,0,1,0.0126
2.78,197,235.578,1,5,1,9,1,0,1,0.0126
2.79,192,307.282,2,5,1,9,1,0,0,0.0693
2.8,196,23.176,3,5,1,9,1,0,1,0.0305
2.8,199,235.578,1,5,1,9,1,0,1,0.0126
2.82,200,235.578,1,5,1,9,1,0,1,0.0126
2.84,202,235.578,1,5,1,9,1,0,1,0.0126
2.86,204,235.578,1,5,1,9,1,0,1,0.0126
2.88,206,235.578,1,5,1,9,1,0,1,0.0126
2.89,203,1626.8,4,5,1,9,1,0,0,0.053
2.9,201,311.636,2,5,1,9,1,0,0,0.0813
2.9,208,235.578,1,5,1,9,1,0,1,0.0126
2.92,210,312.492,2,5,1,9,1,0,0,0.0033
2.92,209,235.578,1,5,1,9,1,0,0,0.0116
2.93,205,28.1296,3,5,1,9,1,0,0,0.0595
2.94,211,235.578,1,5,1,9,1,0,1,0.0116
2.96,213,235.578,1,5,1,9,1,0,1,0.0116
2.98,215,235.578,1,5,1,9,1,0,1,0.0116
3,217,235.578,1,5,1,9,1,0,1,0.0116
3.01,212,1626.8,4,5,1,9,1,0,0,0.065
3.02,218,235.578,1,5,1,9,1,0,1,0.0116
3.03,214,31.9828,3,5,1,9,1,0,1,0.0595
3.04,220,235.578,1,5,1,9,1,0,1,0.0116
3.05,221,1626.8,4,5,1,9,1,0,0,0.006
3.06,222,235.578,1,5,1,9,1,0,1,0.0116
3.08,224,235.578,1,5,1,9,1,0,1,0.0116
3.09,219,319.217,2,5,1,9,1,0,0,0.0763
3.1,226,235.578,1,5,1,9,1,0,1,0.0116
3.12,227,235.578,1,5,1,9,1,0,1,0.0116
3.13,223,35.8436,3,5,1,9,1,0,1,0.0595
3.14,229,235.578,1,5,1,9,1,0,1,0.0116
3.16,231,235.578,1,5,1,9,1,0,1,0.0116
3.18,233,235.578,1,5,1,9,1,0,1,0.0116
3.2,235,235.578,1,5,1,9,1,0,1,0.0116
3.21,228,323.572,2,5,1,9,1,0,0,0.0883
3.21,230,1626.8,4,5,1,9,1,0,0,0.072
3.22,236,235.578,1,5,1,9,1,0,1,0.0116
3.23,232,39.7097,3,5,1,9,1,0,1,0.0595
3.24,238,235.578,1,5,1,9,1,0,1,0.0116
3.25,239,1626.8,4,5,1,9,1,0,0,0.013
3.26,240,235.578,1,5,1,9,1,0,1,0.0116
3.28,242,235.578,1,5,1,9,1,0,1,0.0116
3.3,244,235.578,1,5,1,9,1,0,1,0.0116
3.3,237,327.304,2,5,1,9,1,0,0,0.0843
3.32,245,235.578,1,5,1,9,1,0,1,0.0116
3.33,241,43.5797,3,5,1,9,1,0,1,0.0595
3.34,247,235.578,1,5,1,9,1,0,1,0.0116
3.36,249,235.578,1,5,1,9,1,0,1,0.0116
3.38,246,330.375,2,5,1,9,1,0,0,0.0633
3.38,251,235.578,1,5,1,9,1,0,1,0.0116
3.4,253,235.578,1,5,1,9,1,0,1,0.0116
3.41,248,1626.8,4,5,1,9,1,0,0,0.071
3.42,254,235.578,1,5,1,9,1,0,1,0.0116
3.43,250,47.4526,3,5,1,9,1,0,1,0.0595
3.44,256,235.578,1,5,1,9,1,0,1,0.0116
3.45,257,1626.8,4,5,1,9,1,0,0,0.007
3.46,258,235.578,1,5,1,9,1,0,1,0.0116
3.47,255,333.719,2,5,1,9,1,0,0,0.0493
3.48,260,235.578,1,5,1,9,1,0,1,0.0116
3.5,262,235.578,1,5,1,9,1,0,1,0.0116
3.52,263,235.578,1,5,1,9,1,0,1,0.0116
3.53,264,336.012,2,5,1,9,1,0,0,0.0083
3.53,259,51.3278,3,5,1,9,1,0,1,0.0595
3.54,265,235.578,1,5,1,9,1,0,1,0.0116
3.56,267,235.578,1,5,1,9,1,0,1,0.0116
3.58,269,235.578,1,5,1,9,1,0,1,0.0116
3.58,266,1626.8,4,5,1,9,1,0,0,0.04
3.6,271,235.578,1,5,1,9,1,0,1,0.0116
3.62,272,235.578,1,5,1,9,1,0,1,0.0116
3.63,268,55.2048,3,5,1,9,1,0,1,0.0595
3.64,273,340.406,2,5,1,9,1,0,0,0.0213
3.64,274,235.578,1,5,1,9,1,0,1,0.0116
3.66,276,235.578,1,5,1,9,1,0,1,0.0116
3.67,275,1626.8,4,5,1,9,1,0,0,0.03
3.68,278,235.578,1,5,1,9,1,0,1,0.0116
3.7,280,235.578,1,5,1,9,1,0,1,0.0116
3.72,281,235.578,1,5,1,9,1,0,1,0.0116
3.73,277,59.0833,3,5,1,9,1,0,1,0.0595
3.74,283,235.578,1,5,1,9,1,0,1,0.0116
3.76,285,235.578,1,5,1,9,1,0,1,0.0116
3.78,282,345.809,2,5,1,9,1,0,0,0.0603
3.78,287,235.578,1,5,1,9,1,0,1,0.0116
3.8,289,235.578,1,5,1,9,1,0,1,0.0116
3.82,290,235.578,1,5,1,9,1,0,1,0.0116
3.83,286,62.9629,3,5,1,9,1,0,1,0.0595
3.83,284,1626.8,4,5,1,9,1,0,0,0.089
3.84,292,235.578,1,5,1,9,1,0,1,0.0116
3.85,291,348.803,2,5,1,9,1,0,0,0.0373
3.86,294,235.578,1,5,1,9,1,0,1,0.0116
3.88,296,235.578,1,5,1,9,1,0,1,0.0116
3.9,298,235.578,1,5,1,9,1,0,1,0.0116
3.91,293,1626.8,4,5,1,9,1,0,0,0.073
3.92,299,235.578,1,5,1,9,1,0,1,0.0116
3.92,300,351.408,2,5,1,9,1,0,0,0.0043
3.93,295,66.8435,3,5,1,9,1,0,1,0.0595
3.94,301,235.578,1,5,1,9,1,0,1,0.0116
3.96,302,1626.8,4,5,1,9,1,0,0,0.017
3.96,303,235.578,1,5,1,9,1,0,1,0.0116
3.98,305,235.578,1,5,1,9,1,0,1,0.0116
4,307,235.578,1,5,1,9,1,0,1,0.0116
2.02,128,228.348,1,3,1,9,1,0,1,0.0126
2.04,126,7.85433,5,3,1,9,1,0,1,0.0609
2.04,130,229.126,1,3,1,9,1,0,1,0.0126
2.06,132,229.903,1,3,1,9,1,0,1,0.0126
2.08,134,230.681,1,3,1,9,1,0,1,0.0126
2.1,136,231.458,1,3,1,9,1,0,1,0.0126
2.11,129,284.817,2,3,1,9,1,0,0,0.0933
2.12,137,232.236,1,3,1,9,1,0,1,0.0126
2.14,135,4.92396,5,3,1,9,1,0,1,0.0609
2.14,138,284.817,2,3,1,9,1,0,0,0.0203
2.14,131,1629.49,4,3,0,0,1,0,0,0.0991
2.14,139,233.013,1,3,1,9,1,0,1,0.0126
2.16,141,233.791,1,3,1,9,1,0,1,0.0126
2.17,140,1628.29,4,3,0,0,1,0,0,0.0301
2.18,143,234.568,1,3,1,9,1,0,1,0.0126
2.2,145,235.345,1,3,1,9,1,0,1,0.0126
2.22,146,236.123,1,3,1,9,1,0,1,0.0126
2.24,144,4.12715,5,3,1,9,1,0,1,0.0609
2.24,148,236.9,1,3,1,9,1,0,1,0.0126
2.25,147,284.817,2,3,1,9,1,0,0,0.0333
2.26,150,237.678,1,3,1,9,1,0,1,0.0126
2.28,152,238.455,1,3,1,9,1,0,1,0.0126
2.3,154,239.233,1,3,1,9,1,0,1,0.0126
2.32,155,240.01,1,3,1,9,1,0,1,0.0126
2.34,153,6.32885,5,3,1,9,1,0,1,0.0609
2.34,149,1621.72,4,3,1,9,1,0,0,0.099
2.34,157,240.788,1,3,1,9,1,0,1,0.0126
2.36,159,241.565,1,3,1,9,1,0,1,0.0126
2.38,161,242.343,1,3,1,9,1,0,1,0.0126
2.39,156,284.817,2,3,1,9,1,0,0,0.0753
2.4,163,243.12,1,3,1,9,1,0,1,0.0126
2.41,158,1619.19,4,3,1,9,1,0,0,0.064
2.42,164,243.898,1,3,1,9,1,0,1,0.0126
2.44,162,9.65964,5,3,1,9,1,0,1,0.0609
2.44,166,244.675,1,3,1,9,1,0,1,0.0126
2.46,168,245.453,1,3,1,9,1,0,1,0.0126
2.48,170,246.23,1,3,1,9,1,0,1,0.0126
2.5,172,247.008,1,3,1,9,1,0,1,0.0126
2.51,165,284.817,2,3,1,9,1,0,0,0.0953
2.52,173,247.785,1,3,1,9,1,0,1,0.0126
2.53,167,1614.45,4,3,1,9,1,0,0,0.086
2.54,171,13.2965,5,3,1,9,1,0,1,0.0609
2.54,174,284.817,2,3,1,9,1,0,0,0.0233
2.54,175,248.563,1,3,1,9,1,0,1,0.0126
2.56,177,249.34,1,3,1,9,1,0,1,0.0126
2.58,179,250.118,1,3,1,9,1,0,1,0.0126
2.6,181,250.895,1,3,1,9,1,0,1,0.0126
2.6,176,1611.53,4,3,1,9,1,0,0,0.061
2.62,182,251.673,1,3,1,9,1,0,1,0.0126
2.64,180,17.0445,5,3,1,9,1,0,1,0.0609
2.64,184,252.45,1,3,1,9,1,0,1,0.0126
2.66,186,253.228,1,3,1,9,1,0,1,0.0126
2.68,185,1608.62,4,3,1,9,1,0,0,0.036
2.68,183,284.817,2,3,1,9,1,0,0,0.0623
2.68,188,254.005,1,3,1,9,1,0,1,0.0126
2.7,190,254.783,1,3,1,9,1,0,1,0.0126
2.72,191,255.56,1,3,1,9,1,0,1,0.0126
2.74,193,256.338,1,3,1,9,1,0,1,0.0126
2.75,194,1605.78,4,3,1,9,1,0,0,0.009
2.76,189,21.7987,5,3,1,9,1,0,0,0.0859
2.76,195,257.115,1,3,1,9,1,0,1,0.0126
2.78,197,257.893,1,3,1,9,1,0,1,0.0126
2.79,192,284.817,2,3,1,9,1,0,0,0.0693
2.8,199,258.67,1,3,1,9,1,0,1,0.0126
2.82,200,259.448,1,3,1,9,1,0,1,0.0126
2.84,202,260.225,1,3,1,9,1,0,1,0.0126
2.86,198,25.6306,5,3,1,9,1,0,1,0.0859
2.86,204,261.003,1,3,1,9,1,0,1,0.0126
2.88,206,261.78,1,3,1,9,1,0,1,0.0126
2.89,203,1600.18,4,3,1,9,1,0,0,0.053
2.9,201,284.817,2,3,1,9,1,0,0,0.0813
2.9,208,262.558,1,3,1,9,1,0,1,0.0126
2.92,210,284.817,2,3,1,9,1,0,0,0.0033
2.92,209,263.297,1,3,1,9,1,0,0,0.0116
2.94,211,264.074,1,3,1,9,1,0,1,0.0116
2.96,207,29.4772,5,3,1,9,1,0,1,0.0859
2.96,213,264.852,1,3,1,9,1,0,1,0.0116
2.98,215,265.629,1,3,1,9,1,0,1,0.0116
3,217,266.407,1,3,1,9,1,0,1,0.0116
3.01,212,1595.83,4,3,1,9,1,0,0,0.065
3.02,218,267.184,1,3,1,9,1,0,1,0.0116
3.04,220,267.962,1,3,1,9,1,0,1,0.0116
3.05,221,1594.23,4,3,1,9,1,0,0,0.006
3.06,216,33.3334,5,3,1,9,1,0,1,0.0859
3.06,222,268.739,1,3,1,9,1,0,1,0.0116
3.08,224,269.517,1,3,1,9,1,0,1,0.0116
3.09,219,284.817,2,3,1,9,1,0,0,0.0763
3.1,226,270.294,1,3,1,9,1,0,1,0.0116
3.12,227,271.072,1,3,1,9,1,0,1,0.0116
3.14,229,271.849,1,3,1,9,1,0,1,0.0116
3.16,225,37.1962,5,3,1,9,1,0,1,0.0859
3.16,231,272.627,1,3,1,9,1,0,1,0.0116
3.18,233,273.404,1,3,1,9,1,0,1,0.0116
3.2,235,274.182,1,3,1,9,1,0,1,0.0116
3.21,228,284.817,2,3,1,9,1,0,0,0.0883
3.21,230,1587.78,4,3,1,9,1,0,0,0.072
3.22,236,274.959,1,3,1,9,1,0,1,0.0116
3.24,238,275.737,1,3,1,9,1,0,1,0.0116
3.25,239,1586.18,4,3,1,9,1,0,0,0.013
3.26,234,41.0638,5,3,1,9,1,0,1,0.0859
3.26,240,276.514,1,3,1,9,1,0,1,0.0116
3.28,242,277.292,1,3,1,9,1,0,1,0.0116
3.3,244,278.069,1,3,1,9,1,0,1,0.0116
3.3,237,284.817,2,3,1,9,1,0,0,0.0843
3.32,245,278.847,1,3,1,9,1,0,1,0.0116
3.34,247,279.624,1,3,1,9,1,0,1,0.0116
3.36,243,44.9349,5,3,1,9,1,0,1,0.0859
3.36,249,280.402,1,3,1,9,1,0,1,0.0116
3.38,246,284.817,2,3,1,9,1,0,0,0.0633
3.38,251,281.179,1,3,1,9,1,0,1,0.0116
3.4,253,281.957,1,3,1,9,1,0,1,0.0116
3.41,248,1580.08,4,3,0,0,1,0,0,0.0701
3.42,254,282.735,1,3,1,9,1,0,1,0.0116
3.44,256,283.512,1,3,1,9,1,0,1,0.0116
3.45,257,1578.68,4,3,0,0,1,0,0,0.0061
3.46,252,48.8087,5,3,1,9,1,0,1,0.0859
3.46,258,284.29,1,3,1,9,1,0,1,0.0116
3.47,255,284.817,2,3,1,9,1,0,0,0.0493
3.48,260,285.067,1,3,1,9,1,0,1,0.0116
3.5,262,285.845,1,3,1,9,1,0,1,0.0116
3.52,263,286.622,1,3,1,9,1,0,1,0.0116
3.53,264,284.817,2,3,0,1,1,0,0,0.0074
3.54,265,287.4,1,3,1,9,1,0,1,0.0116
3.56,261,52.6846,5,3,1,9,1,0,1,0.0859
3.56,267,288.177,1,3,1,9,1,0,1,0.0116
3.58,266,1573.51,4,3,0,0,1,0,0,0.0391
3.58,269,288.955,1,3,1,9,1,0,1,0.0116
3.6,271,289.732,1,3,1,9,1,0,1,0.0116
3.62,272,290.51,1,3,1,9,1,0,1,0.0116
3.64,273,284.817,2,3,1,9,1,0,0,0.0213
3.64,274,291.287,1,3,1,9,1,0,1,0.0116
3.66,270,56.5621,5,3,1,9,1,0,1,0.0859
3.66,276,292.065,1,3,1,9,1,0,1,0.0116
3.67,275,1569.97,4,3,0,2,1,0,0,0.03
3.68,278,292.842,1,3,1,9,1,0,1,0.0116
3.7,280,293.62,1,3,1,9,1,0,1,0.0116
3.72,281,294.397,1,3,1,9,1,0,1,0.0116
3.74,283,295.175,1,3,1,9,1,0,1,0.0116
3.76,279,60.441,5,3,1,9,1,0,1,0.0859
3.76,285,295.952,1,3,1,9,1,0,1,0.0116
3.78,282,284.817,2,3,1,9,1,0,0,0.0603
3.78,287,296.73,1,3,1,9,1,0,1,0.0116
3.8,289,297.507,1,3,1,9,1,0,1,0.0116
3.82,290,298.285,1,3,1,9,1,0,1,0.0116
3.83,284,1563.79,4,3,1,9,1,0,0,0.089
3.84,292,299.063,1,3,1,9,1,0,1,0.0116
3.85,291,284.817,2,3,1,9,1,0,0,0.0373
3.86,288,64.321,5,3,1,9,1,0,1,0.0859
3.86,294,299.84,1,3,1,9,1,0,1,0.0116
3.88,296,300.618,1,3,1,9,1,0,1,0.0116
3.9,298,301.395,1,3,1,9,1,0,1,0.0116
3.91,293,1560.52,4,3,1,9,1,0,0,0.073
3.92,299,302.173,1,3,1,9,1,0,1,0.0116
3.92,300,284.817,2,3,1,9,1,0,0,0.0043
3.94,301,302.95,1,3,1,9,1,0,1,0.0116
3.94,297,67.5809,5,3,1,9,1,0,0,0.0699
3.96,302,1558.81,4,3,1,9,1,0,0,0.017
3.96,303,303.728,1,3,1,9,1,0,1,0.0116
3.98,305,304.505,1,3,1,9,1,0,1,0.0116
4,307,305.283,1,3,1,9,1,0,1,0.0116
4.02,308,306.06,1,3,1,9,1,0,1,0.0116
4.02,308,1862.38,1,4,0,0,1,0,1,0.0106
4.03,304,1556.24,3,4,0,0,1,0,1,0.0586
4.04,310,1862.38,1,4,0,0,1,0,1,0.0106
4.04,306,1626.8,5,4,1,9,1,0,1,0.0699
4.06,312,1862.38,1,4,0,0,1,0,1,0.0106
4.08,314,1862.38,1,4,0,0,1,0,1,0.0106
4.09,309,1268.83,2,4,0,0,1,0,0,0.0744
4.1,316,1862.38,1,4,0,2,1,0,1,0.0116
4.12,317,1862.38,1,4,0,2,1,0,1,0.0116
4.13,313,1552.32,3,4,0,2,1,0,1,0.0595
4.14,319,1862.38,1,4,0,2,1,0,1,0.0116
4.14,315,1626.8,5,4,1,9,1,0,1,0.0699
4.16,321,1862.38,1,4,0,2,1,0,1,0.0116
4.18,318,1265.45,2,4,0,2,1,0,0,0.0613
4.18,323,1862.38,1,4,0,2,1,0,1,0.0116
4.2,325,1862.38,1,4,0,0,1,0,1,0.0106
4.22,326,1862.38,1,4,0,0,1,0,1,0.0106
4.23,322,1548.43,3,4,1,9,1,0,1,0.0595
4.24,328,1862.38,1,4,0,0,1,0,1,0.0106
4.24,324,1626.8,5,4,1,9,1,0,1,0.0699
4.26,330,1862.38,1,4,0,0,1,0,1,0.0106
4.26,327,1262.22,2,4,0,2,1,0,0,0.0443
4.28,332,1862.38,1,4,0,0,1,0,0,0.0136
4.3,334,1862.38,1,4,0,2,1,0,1,0.0146
4.32,335,1862.38,1,4,1,9,1,0,1,0.0146
4.34,331,1543.88,3,4,1,9,1,0,0,0.0765
4.34,337,1862.38,1,4,1,9,1,0,1,0.0146
4.34,333,1626.8,5,4,1,9,1,0,1,0.0699
4.36,339,1862.38,1,4,1,9,1,0,1,0.0146
4.37,336,1257.91,2,4,0,2,1,0,0,0.0553
4.38,341,1862.38,1,4,1,9,1,0,1,0.0146
4.4,343,1862.38,1,4,1,9,1,0,1,0.0146
4.42,344,1862.38,1,4,1,9,1,0,1,0.0146
4.44,340,1540,3,4,1,9,1,0,1,0.0765
4.44,346,1862.38,1,4,0,2,1,0,1,0.0146
4.44,342,1626.8,5,4,1,9,1,0,1,0.0699
4.46,345,1254.56,2,4,1,9,1,0,0,0.0413
4.46,348,1862.38,1,4,0,2,1,0,1,0.0146
4.48,350,1862.38,1,4,1,9,1,0,1,0.0146
4.5,352,1862.38,1,4,1,9,1,0,1,0.0146
4.52,353,1862.38,1,4,0,2,1,0,1,0.0146
4.54,349,1536.11,3,4,1,9,1,0,1,0.0765
4.54,355,1862.38,1,4,1,9,1,0,1,0.0146
4.54,351,1626.8,5,4,1,9,1,0,1,0.0699
4.56,357,1862.38,1,4,1,9,1,0,1,0.0146
4.58,359,1862.38,1,4,1,9,1,0,1,0.0146
4.6,361,1862.38,1,4,0,0,1,0,1,0.0136
4.61,354,1248.8,2,4,0,0,1,0,0,0.0894
4.62,362,1862.38,1,4,0,0,1,0,1,0.0136
4.64,358,1532.22,3,4,0,2,1,0,1,0.0765
4.64,363,1247.41,2,4,0,0,1,0,0,0.0254
4.64,364,1862.38,1,4,0,0,1,0,1,0.0136
4.64,360,1626.8,5,4,0,2,1,0,1,0.0699
4.66,366,1862.38,1,4,0,0,1,0,1,0.0136
4.68,368,1862.38,1,4,0,0,1,0,1,0.0136
4.7,370,1862.38,1,4,0,0,1,0,1,0.0136
4.72,371,1862.38,1,4,0,0,1,0,1,0.0136
4.74,367,1528.33,3,4,0,2,1,0,1,0.0765
4.74,373,1862.38,1,4,0,0,1,0,1,0.0136
4.74,369,1626.8,5,4,1,9,1,0,1,0.0699
4.76,375,1862.38,1,4,0,0,1,0,1,0.0136
4.77,372,1242.51,2,4,0,0,1,0,0,0.0514
4.78,377,1862.38,1,4,0,0,1,0,1,0.0136
4.8,379,1862.38,1,4,0,0,1,0,1,0.0136
4.82,380,1862.38,1,4,0,0,1,0,1,0.0136
4.84,376,1524.44,3,4,1,9,1,0,1,0.0765
4.84,382,1862.38,1,4,0,0,1,0,1,0.0136
4.84,378,1626.8,5,4,1,9,1,0,1,0.0699
4.85,381,1239.2,2,4,0,2,1,0,0,0.0363
4.86,384,1862.38,1,4,0,0,1,0,1,0.0136
4.88,386,1862.38,1,4,0,0,1,0,1,0.0136
4.9,388,1862.38,1,4,0,0,1,0,1,0.0136
4.92,389,1862.38,1,4,0,0,1,0,1,0.0136
4.94,385,1520.56,3,4,1,9,1,0,1,0.0765
4.94,391,1862.38,1,4,0,0,1,0,1,0.0136
4.94,387,1626.8,5,4,0,0,1,0,1,0.069
4.96,393,1862.38,1,4,0,0,1,0,1,0.0136
4.98,395,1862.38,1,4,0,0,1,0,1,0.0136
4.99,390,1233.72,2,4,1,9,1,0,0,0.0773
5,397,1862.38,1,4,0,0,1,0,1,0.0136
5.02,398,1862.38,1,4,0,0,1,0,1,0.0136
5.03,394,1517.21,3,4,1,9,1,0,0,0.0625
5.04,400,1862.38,1,4,0,0,1,0,1,0.0136
5.04,396,1626.8,5,4,0,2,1,0,1,0.0699
5.06,402,1862.38,1,4,0,0,1,0,1,0.0136
5.08,404,1862.38,1,4,0,0,1,0,1,0.0136
5.09,399,1229.99,2,4,0,2,1,0,0,0.0733
5.1,406,1862.38,1,4,0,2,1,0,1,0.0146
5.12,407,1862.38,1,4,1,9,1,0,1,0.0146
5.13,403,1513.32,3,4,1,9,1,0,1,0.0625
5.14,409,1862.38,1,4,0,2,1,0,1,0.0146
5.14,405,1626.8,5,4,1,9,1,0,1,0.0699
5.16,411,1862.38,1,4,0,2,1,0,1,0.0146
5.18,413,1862.38,1,4,0,2,1,0,1,0.0146
5.2,408,1225.64,2,4,1,9,1,0,0,0.0853
5.2,415,1862.38,1,4,0,2,1,0,1,0.0146
5.22,416,1862.38,1,4,0,2,1,0,1,0.0146
5.23,412,1509.44,3,4,1,9,1,0,1,0.0625
5.24,418,1862.38,1,4,0,2,1,0,1,0.0146
5.24,414,1626.8,5,4,1,9,1,0,1,0.0699
5.26,420,1862.38,1,4,0,2,1,0,1,0.0146
5.27,417,1222.88,2,4,1,9,1,0,0,0.0563
5.28,422,1862.38,1,4,0,2,1,0,1,0.0146
5.3,424,1862.38,1,4,0,2,1,0,1,0.0146
5.32,425,1862.38,1,4,0,2,1,0,1,0.0146
5.33,421,1505.55,3,4,0,2,1,0,1,0.0625
5.33,427,1862.38,1,4,0,2,1,0,0,0.0036
5.34,423,1626.8,5,4,1,9,1,0,1,0.0699
5.35,429,1862.38,1,4,1,9,1,0,1,0.0036
5.36,426,1219.69,2,4,1,9,1,0,0,0.0383
5.37,431,1862.38,1,4,1,9,1,0,1,0.0036
5.39,432,1626.8,5,4,1,9,1,0,0,0.0129
5.39,433,1862.38,1,4,0,2,1,0,1,0.0036
5.41,434,1862.38,1,4,1,9,1,0,1,0.0036
5.43,430,1501.66,3,4,1,9,1,0,1,0.0625
5.43,436,1862.38,1,4,1,9,1,0,1,0.0036
5.45,438,1862.38,1,4,1,9,1,0,1,0.0036
5.47,440,1862.38,1,4,0,2,1,0,1,0.0036
5.49,441,1626.8,5,4,1,9,1,0,1,0.0129
5.49,442,1862.38,1,4,0,2,1,0,1,0.0036
5.51,435,1213.7,2,4,0,0,1,0,0,0.0924
5.51,443,1862.38,1,4,0,2,1,0,1,0.0036
5.53,439,1497.77,3,4,1,9,1,0,1,0.0625
5.53,445,1862.38,1,4,1,9,1,0,1,0.0036
5.55,447,1862.38,1,4,0,2,1,0,1,0.0036
5.57,449,1862.38,1,4,1,9,1,0,1,0.0036
5.59,450,1626.8,5,4,1,9,1,0,1,0.0129
5.59,451,1862.38,1,4,0,2,1,0,1,0.0036
5.6,444,1210.12,2,4,1,9,1,0,0,0.0843
5.61,452,1862.38,1,4,0,2,1,0,1,0.0036
5.63,448,1493.88,3,4,1,9,1,0,1,0.0625
5.63,454,1862.38,1,4,0,2,1,0,1,0.0036
5.65,456,1862.38,1,4,0,2,1,0,1,0.0036
5.67,458,1862.38,1,4,1,9,1,0,1,0.0036
5.69,459,1626.8,5,4,1,9,1,0,1,0.0129
5.69,460,1862.38,1,4,1,9,1,0,1,0.0036
5.7,453,1206.12,2,4,1,9,1,0,0,0.0873
5.71,461,1862.38,1,4,0,2,1,0,1,0.0036
5.73,457,1490,3,4,0,2,1,0,1,0.0625
5.73,463,1862.38,1,4,0,2,1,0,1,0.0036
5.75,465,1862.38,1,4,0,2,1,0,1,0.0036
5.77,467,1862.38,1,4,0,2,1,0,1,0.0036
5.79,468,1626.8,5,4,1,9,1,0,1,0.0129
5.79,469,1862.38,1,4,0,2,1,0,1,0.0036
5.81,470,1862.38,1,4,0,0,1,0,1,0.0026
5.81,462,1201.84,2,4,0,2,1,0,0,0.0973
5.83,466,1486.14,3,4,0,0,1,0,1,0.0616
5.83,472,1862.38,1,4,0,0,1,0,1,0.0026
5.85,474,1862.38,1,4,0,0,1,0,1,0.0026
5.87,476,1862.38,1,4,0,0,1,0,1,0.0026
5.89,477,1626.8,5,4,1,9,1,0,1,0.0129
5.89,478,1862.38,1,4,0,0,1,0,1,0.0026
5.9,471,1198.38,2,4,1,9,1,0,0,0.0863
5.91,479,1862.38,1,4,0,2,1,0,1,0.0036
5.93,475,1482.22,3,4,0,0,1,0,0,0.0626
5.93,481,1862.38,1,4,0,2,1,0,1,0.0036
5.95,483,1862.38,1,4,1,9,1,0,1,0.0036
5.97,480,1195.97,2,4,1,9,1,0,0,0.0483
5.97,485,1862.38,1,4,1,9,1,0,1,0.0036
5.99,486,1626.8,5,4,0,2,1,0,1,0.0129
5.99,487,1862.38,1,4,1,9,1,0,1,0.0036
6.01,488,1862.38,1,4,0,0,1,0,1,0.0026
4.02,308,590.865,1,2,1,9,1,0,1,0.0116
4.03,304,284.817,3,2,1,9,1,0,1,0.0595
4.04,310,591.642,1,2,1,9,1,0,1,0.0116
4.04,306,356.19,5,2,1,9,1,0,1,0.0699
4.06,312,592.42,1,2,1,9,1,0,1,0.0116
4.07,311,1269.88,4,2,0,0,1,0,0,0.0231
4.08,314,593.197,1,2,1,9,1,0,1,0.0116
4.1,316,593.975,1,2,1,9,1,0,1,0.0116
4.12,317,594.753,1,2,1,9,1,0,1,0.0116
4.13,313,284.817,3,2,1,9,1,0,1,0.0595
4.14,319,595.53,1,2,1,9,1,0,1,0.0116
4.14,315,360.078,5,2,1,9,1,0,1,0.0699
4.16,321,596.308,1,2,1,9,1,0,1,0.0116
4.17,320,1265.72,4,2,0,2,1,0,0,0.03
4.18,323,597.085,1,2,1,9,1,0,1,0.0116
4.2,325,597.863,1,2,1,9,1,0,1,0.0116
4.22,326,598.64,1,2,1,9,1,0,1,0.0116
4.23,322,284.817,3,2,1,9,1,0,1,0.0595
4.24,328,599.418,1,2,1,9,1,0,1,0.0116
4.24,324,363.965,5,2,1,9,1,0,1,0.0699
4.26,330,600.159,1,2,0,1,1,0,1,0.0106
4.28,332,601.09,1,2,1,9,1,0,0,0.0146
4.3,334,601.867,1,2,1,9,1,0,1,0.0146
4.32,329,1259.93,4,2,0,2,1,0,0,0.079
4.32,335,602.645,1,2,1,9,1,0,1,0.0146
4.34,331,284.817,3,2,1,9,1,0,0,0.0765
4.34,337,603.423,1,2,1,9,1,0,1,0.0146
4.34,333,367.853,5,2,1,9,1,0,1,0.0699
4.36,339,604.2,1,2,1,9,1,0,1,0.0146
4.38,341,604.978,1,2,1,9,1,0,1,0.0146
4.4,338,1256.86,4,2,1,9,1,0,0,0.058
4.4,343,605.755,1,2,1,9,1,0,1,0.0146
4.42,344,606.533,1,2,1,9,1,0,1,0.0146
4.44,340,284.817,3,2,1,9,1,0,1,0.0765
4.44,346,607.31,1,2,1,9,1,0,1,0.0146
4.44,342,371.741,5,2,1,9,1,0,1,0.0699
4.46,348,608.088,1,2,1,9,1,0,1,0.0146
4.48,350,608.866,1,2,1,9,1,0,1,0.0146
4.5,352,609.643,1,2,1,9,1,0,1,0.0146
4.52,353,610.421,1,2,1,9,1,0,1,0.0146
4.53,347,1251.92,4,2,1,9,1,0,0,0.085
4.54,349,284.817,3,2,1,9,1,0,1,0.0765
4.54,355,611.198,1,2,1,9,1,0,1,0.0146
4.54,351,375.629,5,2,1,9,1,0,1,0.0699
4.56,357,611.976,1,2,1,9,1,0,1,0.0146
4.58,359,612.754,1,2,1,9,1,0,1,0.0146
4.6,361,613.531,1,2,1,9,1,0,1,0.0146
4.62,362,614.309,1,2,1,9,1,0,1,0.0146
4.63,356,1247.87,4,2,0,0,1,0,0,0.0891
4.64,358,284.817,3,2,1,9,1,0,1,0.0765
4.64,364,615.086,1,2,1,9,1,0,1,0.0146
4.64,360,379.516,5,2,1,9,1,0,1,0.0699
4.66,366,615.864,1,2,1,9,1,0,1,0.0146
4.67,365,1246.43,4,2,0,0,1,0,0,0.0261
4.68,368,616.641,1,2,1,9,1,0,1,0.0146
4.7,370,617.419,1,2,1,9,1,0,1,0.0146
4.72,371,618.197,1,2,1,9,1,0,1,0.0146
4.74,367,284.817,3,2,1,9,1,0,1,0.0765
4.74,373,618.974,1,2,1,9,1,0,1,0.0146
4.74,369,383.404,5,2,1,9,1,0,1,0.0699
4.76,374,1243.01,4,2,0,0,1,0,0,0.0141
4.76,375,619.752,1,2,1,9,1,0,1,0.0146
4.78,377,620.529,1,2,1,9,1,0,1,0.0146
4.8,379,621.307,1,2,1,9,1,0,1,0.0146
4.82,380,622.085,1,2,1,9,1,0,1,0.0146
4.84,376,284.817,3,2,1,9,1,0,1,0.0765
4.84,382,622.862,1,2,1,9,1,0,1,0.0146
4.84,378,387.292,5,2,1,9,1,0,1,0.0699
4.86,383,1238.89,4,2,0,2,1,0,0,0.02
4.86,384,623.64,1,2,1,9,1,0,1,0.0146
4.88,386,624.417,1,2,1,9,1,0,1,0.0146
4.9,388,625.195,1,2,1,9,1,0,1,0.0146
4.92,389,625.972,1,2,1,9,1,0,1,0.0146
4.94,385,284.817,3,2,1,9,1,0,1,0.0765
4.94,391,626.75,1,2,1,9,1,0,1,0.0146
4.94,387,391.18,5,2,1,9,1,0,1,0.0699
4.95,392,1235.28,4,2,0,2,1,0,0,0.013
4.96,393,627.528,1,2,1,9,1,0,1,0.0146
4.98,395,628.305,1,2,1,9,1,0,1,0.0146
5,397,629.083,1,2,1,9,1,0,1,0.0146
5.02,398,629.86,1,2,1,9,1,0,1,0.0146
5.03,394,284.817,3,2,1,9,1,0,0,0.0625
5.04,400,630.638,1,2,1,9,1,0,1,0.0146
5.04,396,395.068,5,2,1,9,1,0,1,0.0699
5.05,401,1231.43,4,2,0,2,1,0,0,0.012
5.06,402,631.416,1,2,1,9,1,0,1,0.0146
5.08,404,632.193,1,2,1,9,1,0,1,0.0146
5.1,406,632.971,1,2,1,9,1,0,1,0.0146
5.12,407,633.748,1,2,1,9,1,0,1,0.0146
5.13,403,284.817,3,2,1,9,1,0,1,0.0625
5.14,409,634.526,1,2,1,9,1,0,1,0.0146
5.14,405,398.955,5,2,1,9,1,0,1,0.0699
5.16,411,635.303,1,2,1,9,1,0,1,0.0146
5.18,413,636.081,1,2,1,9,1,0,1,0.0146
5.2,410,1225.67,4,2,1,9,1,0,0,0.06
5.2,415,636.859,1,2,1,9,1,0,1,0.0146
5.22,416,637.636,1,2,1,9,1,0,1,0.0146
5.23,412,284.817,3,2,1,9,1,0,1,0.0625
5.24,418,638.414,1,2,1,9,1,0,1,0.0146
5.24,414,402.843,5,2,1,9,1,0,1,0.0699
5.26,420,639.191,1,2,1,9,1,0,1,0.0146
5.28,422,639.969,1,2,1,9,1,0,1,0.0146
5.3,424,640.747,1,2,1,9,1,0,1,0.0146
5.31,419,1221.4,4,2,1,9,1,0,0,0.07
5.32,425,641.524,1,2,1,9,1,0,1,0.0146
5.33,421,284.817,3,2,1,9,1,0,1,0.0625
5.33,427,641.874,1,2,1,9,1,0,0,0.0036
5.34,423,406.731,5,2,1,9,1,0,1,0.0699
5.35,429,642.652,1,2,1,9,1,0,1,0.0036
5.37,431,643.429,1,2,1,9,1,0,1,0.0036
5.39,432,408.403,5,2,1,9,1,0,0,0.0129
5.39,433,644.207,1,2,1,9,1,0,1,0.0036
5.41,434,644.984,1,2,1,9,1,0,1,0.0036
5.43,430,284.817,3,2,1,9,1,0,1,0.0625
5.43,436,645.762,1,2,1,9,1,0,1,0.0036
5.44,428,1216.42,4,2,1,9,1,0,0,0.098
5.45,437,1215.99,4,2,1,9,1,0,0,0.009
5.45,438,646.54,1,2,1,9,1,0,1,0.0036
5.47,440,647.317,1,2,1,9,1,0,1,0.0036
5.49,441,412.291,5,2,1,9,1,0,1,0.0129
5.49,442,648.095,1,2,1,9,1,0,1,0.0036
5.51,443,648.872,1,2,1,9,1,0,1,0.0036
5.53,439,284.817,3,2,1,9,1,0,1,0.0625
5.53,445,649.65,1,2,1,9,1,0,1,0.0036
5.55,447,650.428,1,2,1,9,1,0,1,0.0036
5.57,449,651.205,1,2,1,9,1,0,1,0.0036
5.59,450,416.178,5,2,1,9,1,0,1,0.0129
5.59,451,651.983,1,2,1,9,1,0,1,0.0036
5.6,446,1210.28,4,2,1,9,1,0,0,0.056
5.61,452,652.76,1,2,1,9,1,0,1,0.0036
5.63,448,284.817,3,2,1,9,1,0,1,0.0625
5.63,454,653.538,1,2,1,9,1,0,1,0.0036
5.65,456,654.315,1,2,1,9,1,0,1,0.0036
5.67,458,655.093,1,2,1,9,1,0,1,0.0036
5.69,455,1206.82,4,2,1,9,1,0,0,0.045
5.69,459,420.066,5,2,1,9,1,0,1,0.0129
5.69,460,655.871,1,2,1,9,1,0,1,0.0036
5.71,461,656.648,1,2,1,9,1,0,1,0.0036
5.73,457,284.817,3,2,1,9,1,0,1,0.0625
5.73,463,657.426,1,2,1,9,1,0,1,0.0036
5.75,465,658.203,1,2,1,9,1,0,1,0.0036
5.77,467,658.981,1,2,1,9,1,0,1,0.0036
5.78,464,1203.28,4,2,1,9,1,0,0,0.036
5.79,468,423.954,5,2,1,9,1,0,1,0.0129
5.79,469,659.759,1,2,1,9,1,0,1,0.0036
5.81,470,660.536,1,2,1,9,1,0,1,0.0036
5.83,466,284.817,3,2,1,9,1,0,1,0.0625
5.83,472,661.314,1,2,1,9,1,0,1,0.0036
5.85,474,662.091,1,2,1,9,1,0,1,0.0036
5.87,476,662.869,1,2,1,9,1,0,1,0.0036
5.88,473,1199.47,4,2,1,9,1,0,0,0.034
5.89,477,427.842,5,2,1,9,1,0,1,0.0129
5.89,478,663.646,1,2,1,9,1,0,1,0.0036
5.91,479,664.424,1,2,1,9,1,0,1,0.0036
5.93,475,284.817,3,2,1,9,1,0,0,0.0635
5.93,481,665.202,1,2,1,9,1,0,1,0.0036
5.95,483,665.979,1,2,1,9,1,0,1,0.0036
5.97,485,666.757,1,2,1,9,1,0,1,0.0036
5.99,486,431.73,5,2,1,9,1,0,1,0.0129
5.99,487,667.534,1,2,1,9,1,0,1,0.0036
6.01,488,668.312,1,2,1,9,1,0,1,0.0036
4.02,308,235.578,1,5,1,9,1,0,1,0.0116
4.03,304,70.7249,3,5,1,9,1,0,1,0.0595
4.04,310,235.578,1,5,1,9,1,0,1,0.0116
4.06,312,235.578,1,5,1,9,1,0,1,0.0116
4.07,311,1626.8,4,5,0,2,1,0,0,0.024
4.08,314,235.578,1,5,1,9,1,0,1,0.0116
4.09,309,358.056,2,5,1,9,1,0,0,0.0753
4.1,316,235.578,1,5,1,9,1,0,1,0.0116
4.12,317,235.578,1,5,1,9,1,0,1,0.0116
4.13,313,74.607,3,5,1,9,1,0,1,0.0595
4.14,319,235.578,1,5,1,9,1,0,1,0.0116
4.16,321,235.578,1,5,1,9,1,0,1,0.0116
4.17,320,1626.8,4,5,1,9,1,0,0,0.03
4.18,318,361.399,2,5,1,9,1,0,0,0.0613
4.18,323,235.578,1,5,1,9,1,0,1,0.0116
4.2,325,235.578,1,5,1,9,1,0,1,0.0116
4.22,326,235.578,1,5,1,9,1,0,1,0.0116
4.23,322,78.4897,3,5,1,9,1,0,1,0.0595
4.24,328,235.578,1,5,1,9,1,0,1,0.0116
4.26,330,235.578,1,5,1,9,1,0,1,0.0116
4.26,327,364.626,2,5,1,9,1,0,0,0.0443
4.28,332,235.578,1,5,1,9,1,0,0,0.0146
4.3,334,235.578,1,5,1,9,1,0,1,0.0146
4.32,329,1626.8,4,5,1,9,1,0,0,0.079
4.32,335,235.578,1,5,1,9,1,0,1,0.0146
4.34,331,83.0331,3,5,1,9,1,0,0,0.0765
4.34,337,235.578,1,5,0,1,1,0,1,0.0136
4.36,339,235.578,1,5,1,9,1,0,1,0.0146
4.37,336,368.942,2,5,1,9,1,0,0,0.0553
4.38,341,235.578,1,5,1,9,1,0,1,0.0146
4.4,338,1626.8,4,5,1,9,1,0,0,0.058
4.4,343,235.578,1,5,1,9,1,0,1,0.0146
4.42,344,235.578,1,5,1,9,1,0,1,0.0146
4.44,340,86.9168,3,5,1,9,1,0,1,0.0765
4.44,346,235.578,1,5,0,1,1,0,1,0.0136
4.46,345,372.285,2,5,1,9,1,0,0,0.0413
4.46,348,235.578,1,5,1,9,1,0,1,0.0146
4.48,350,235.578,1,5,1,9,1,0,1,0.0146
4.5,352,235.578,1,5,1,9,1,0,1,0.0146
4.52,353,235.578,1,5,1,9,1,0,1,0.0146
4.53,347,1626.8,4,5,1,9,1,0,0,0.085
4.54,349,90.8008,3,5,1,9,1,0,1,0.0765
4.54,355,235.578,1,5,0,1,1,0,1,0.0136
4.56,357,235.578,1,5,1,9,1,0,1,0.0146
4.58,359,235.578,1,5,1,9,1,0,1,0.0146
4.6,361,235.578,1,5,1,9,1,0,1,0.0146
4.61,354,378.078,2,5,1,9,1,0,0,0.0903
4.62,362,235.578,1,5,1,9,1,0,1,0.0146
4.63,356,1626.8,4,5,1,9,1,0,0,0.09
4.64,358,94.6852,3,5,1,9,1,0,1,0.0765
4.64,363,379.477,2,5,1,9,1,0,0,0.0263
4.64,364,235.578,1,5,0,1,1,0,1,0.0136
4.66,366,235.578,1,5,1,9,1,0,1,0.0146
4.67,365,1626.8,4,5,0,2,1,0,0,0.027
4.68,368,235.578,1,5,1,9,1,0,1,0.0146
4.7,370,235.578,1,5,1,9,1,0,1,0.0146
4.72,371,235.578,1,5,1,9,1,0,1,0.0146
4.74,367,98.5699,3,5,1,9,1,0,1,0.0765
4.74,373,235.578,1,5,0,1,1,0,1,0.0136
4.76,374,1626.8,4,5,1,9,1,0,0,0.015
4.76,375,235.578,1,5,1,9,1,0,1,0.0146
4.77,372,384.376,2,5,1,9,1,0,0,0.0523
4.78,377,235.578,1,5,1,9,1,0,1,0.0146
4.8,379,235.578,1,5,1,9,1,0,1,0.0146
4.82,380,235.578,1,5,1,9,1,0,1,0.0146
4.84,376,102.455,3,5,1,9,1,0,1,0.0765
4.84,382,235.578,1,5,0,1,1,0,1,0.0136
4.85,381,387.642,2,5,1,9,1,0,0,0.0363
4.86,383,1626.8,4,5,1,9,1,0,0,0.02
4.86,384,235.578,1,5,1,9,1,0,1,0.0146
4.88,386,235.578,1,5,1,9,1,0,1,0.0146
4.9,388,235.578,1,5,1,9,1,0,1,0.0146
4.92,389,235.578,1,5,1,9,1,0,1,0.0146
4.94,385,106.34,3,5,1,9,1,0,1,0.0765
4.94,391,235.578,1,5,0,1,1,0,1,0.0136
4.95,392,1626.8,4,5,0,0,1,0,0,0.0121
4.96,393,235.578,1,5,1,9,1,0,1,0.0146
4.98,395,235.578,1,5,1,9,1,0,1,0.0146
4.99,390,393.124,2,5,1,9,1,0,0,0.0773
5,397,235.578,1,5,1,9,1,0,1,0.0146
5.02,398,235.578,1,5,1,9,1,0,1,0.0146
5.03,394,109.681,3,5,1,9,1,0,0,0.0625
5.04,400,235.578,1,5,0,1,1,0,1,0.0136
5.05,401,1626.8,4,5,0,2,1,0,0,0.012
5.06,402,235.578,1,5,1,9,1,0,1,0.0146
5.08,404,235.578,1,5,1,9,1,0,1,0.0146
5.09,399,396.856,2,5,1,9,1,0,0,0.0733
5.1,406,235.578,1,5,1,9,1,0,1,0.0146
5.12,407,235.578,1,5,1,9,1,0,1,0.0146
5.13,403,113.567,3,5,1,9,1,0,1,0.0625
5.14,409,235.578,1,5,0,1,1,0,1,0.0136
5.16,411,235.578,1,5,1,9,1,0,1,0.0146
5.18,413,235.578,1,5,1,9,1,0,1,0.0146
5.2,410,1626.8,4,5,1,9,1,0,0,0.06
5.2,408,401.21,2,5,1,9,1,0,0,0.0853
5.2,415,235.578,1,5,1,9,1,0,1,0.0146
5.22,416,235.578,1,5,1,9,1,0,1,0.0146
5.23,412,117.453,3,5,1,9,1,0,1,0.0625
5.24,418,235.578,1,5,0,1,1,0,1,0.0136
5.26,420,235.578,1,5,1,9,1,0,1,0.0146
5.27,417,403.971,2,5,1,9,1,0,0,0.0563
5.28,422,235.578,1,5,1,9,1,0,1,0.0146
5.3,424,235.578,1,5,1,9,1,0,1,0.0146
5.31,419,1626.8,4,5,1,9,1,0,0,0.07
5.32,425,235.578,1,5,1,9,1,0,1,0.0146
5.33,421,121.338,3,5,1,9,1,0,1,0.0625
5.33,427,235.578,1,5,1,9,1,0,0,0.0036
5.35,429,235.578,1,5,1,9,1,0,1,0.0036
5.36,426,407.159,2,5,1,9,1,0,0,0.0383
5.37,431,235.578,1,5,1,9,1,0,1,0.0036
5.39,433,235.578,1,5,1,9,1,0,1,0.0036
5.41,434,235.578,1,5,1,9,1,0,1,0.0036
5.43,430,125.224,3,5,1,9,1,0,1,0.0625
5.43,436,235.578,1,5,1,9,1,0,1,0.0036
5.44,428,1626.8,4,5,0,2,1,0,0,0.098
5.45,437,1626.8,4,5,0,2,1,0,0,0.009
5.45,438,235.578,1,5,1,9,1,0,1,0.0036
5.47,440,235.578,1,5,1,9,1,0,1,0.0036
5.49,442,235.578,1,5,1,9,1,0,1,0.0036
5.51,435,413.185,2,5,1,9,1,0,0,0.0933
5.51,443,235.578,1,5,1,9,1,0,1,0.0036
5.53,439,129.11,3,5,1,9,1,0,1,0.0625
5.53,445,235.578,1,5,1,9,1,0,1,0.0036
5.55,447,235.578,1,5,1,9,1,0,1,0.0036
5.57,449,235.578,1,5,1,9,1,0,1,0.0036
5.59,451,235.578,1,5,1,9,1,0,1,0.0036
5.6,446,1626.8,4,5,1,9,1,0,0,0.056
5.6,444,416.723,2,5,1,9,1,0,0,0.0843
5.61,452,235.578,1,5,1,9,1,0,1,0.0036
5.63,448,132.997,3,5,1,9,1,0,1,0.0625
5.63,454,235.578,1,5,1,9,1,0,1,0.0036
5.65,456,235.578,1,5,1,9,1,0,1,0.0036
5.67,458,235.578,1,5,1,9,1,0,1,0.0036
5.69,455,1626.8,4,5,1,9,1,0,0,0.045
5.69,460,235.578,1,5,1,9,1,0,1,0.0036
5.7,453,420.727,2,5,1,9,1,0,0,0.0873
5.71,461,235.578,1,5,1,9,1,0,1,0.0036
5.73,457,136.883,3,5,1,9,1,0,1,0.0625
5.73,463,235.578,1,5,1,9,1,0,1,0.0036
5.75,465,235.578,1,5,1,9,1,0,1,0.0036
5.77,467,235.578,1,5,1,9,1,0,1,0.0036
5.78,464,1626.8,4,5,1,9,1,0,0,0.036
5.79,469,235.578,1,5,1,9,1,0,1,0.0036
5.81,470,235.578,1,5,1,9,1,0,1,0.0036
5.81,462,425.004,2,5,1,9,1,0,0,0.0973
5.83,466,140.769,3,5,1,9,1,0,1,0.0625
5.83,472,235.578,1,5,1,9,1,0,1,0.0036
5.85,474,235.578,1,5,1,9,1,0,1,0.0036
5.87,476,235.578,1,5,1,9,1,0,1,0.0036
5.88,473,1626.8,4,5,1,9,1,0,0,0.034
5.89,478,235.578,1,5,1,9,1,0,1,0.0036
5.9,471,428.464,2,5,1,9,1,0,0,0.0863
5.91,479,235.578,1,5,1,9,1,0,1,0.0036
5.93,475,144.695,3,5,1,9,1,0,0,0.0635
5.93,481,235.578,1,5,1,9,1,0,1,0.0036
5.95,483,235.578,1,5,1,9,1,0,1,0.0036
5.97,480,430.874,2,5,1,9,1,0,0,0.0483
5.97,485,235.578,1,5,1,9,1,0,1,0.0036
5.99,487,235.578,1,5,1,9,1,0,1,0.0036
6.01,488,235.578,1,5,1,9,1,0,1,0.0036
4.04,310,306.838,1,3,1,9,1,0,1,0.0116
4.04,306,71.4625,5,3,1,9,1,0,1,0.0699
4.06,312,307.615,1,3,1,9,1,0,1,0.0116
4.07,311,1554.69,4,3,0,0,1,0,0,0.0231
4.08,314,308.393,1,3,1,9,1,0,1,0.0116
4.09,309,284.817,2,3,1,9,1,0,0,0.0753
4.1,316,309.17,1,3,1,9,1,0,1,0.0116
4.12,317,309.948,1,3,1,9,1,0,1,0.0116
4.14,319,310.726,1,3,1,9,1,0,1,0.0116
4.14,315,75.3447,5,3,1,9,1,0,1,0.0699
4.16,321,311.503,1,3,1,9,1,0,1,0.0116
4.17,320,1550.53,4,3,1,9,1,0,0,0.03
4.18,318,284.817,2,3,1,9,1,0,0,0.0613
4.18,323,312.281,1,3,1,9,1,0,1,0.0116
4.2,325,313.058,1,3,1,9,1,0,1,0.0116
4.22,326,313.836,1,3,1,9,1,0,1,0.0116
4.24,328,314.613,1,3,1,9,1,0,1,0.0116
4.24,324,79.2275,5,3,1,9,1,0,1,0.0699
4.26,330,315.391,1,3,1,9,1,0,1,0.0116
4.26,327,284.817,2,3,1,9,1,0,0,0.0443
4.28,332,316.285,1,3,1,9,1,0,0,0.0146
4.3,334,317.062,1,3,1,9,1,0,1,0.0146
4.32,329,1544.74,4,3,1,9,1,0,0,0.079
4.32,335,317.84,1,3,1,9,1,0,1,0.0146
4.34,337,318.618,1,3,1,9,1,0,1,0.0146
4.34,333,83.1108,5,3,1,9,1,0,1,0.0699
4.36,339,319.395,1,3,1,9,1,0,1,0.0146
4.37,336,284.817,2,3,1,9,1,0,0,0.0553
4.38,341,320.173,1,3,1,9,1,0,1,0.0146
4.4,338,1541.67,4,3,1,9,1,0,0,0.058
4.4,343,320.95,1,3,1,9,1,0,1,0.0146
4.42,344,321.728,1,3,1,9,1,0,1,0.0146
4.44,346,322.505,1,3,1,9,1,0,1,0.0146
4.44,342,86.9945,5,3,1,9,1,0,1,0.0699
4.46,345,284.817,2,3,1,9,1,0,0,0.0413
4.46,348,323.283,1,3,1,9,1,0,1,0.0146
4.48,350,324.06,1,3,1,9,1,0,1,0.0146
4.5,352,324.838,1,3,1,9,1,0,1,0.0146
4.52,353,325.615,1,3,1,9,1,0,1,0.0146
4.53,347,1536.73,4,3,1,9,1,0,0,0.085
4.54,355,326.393,1,3,1,9,1,0,1,0.0146
4.54,351,90.8785,5,3,1,9,1,0,1,0.0699
4.56,357,327.17,1,3,1,9,1,0,1,0.0146
4.58,359,327.948,1,3,1,9,1,0,1,0.0146
4.6,361,328.726,1,3,1,9,1,0,1,0.0146
4.61,354,284.817,2,3,1,9,1,0,0,0.0903
4.62,362,329.503,1,3,1,9,1,0,1,0.0146
4.63,356,1532.65,4,3,1,9,1,0,0,0.09
4.64,363,284.817,2,3,1,9,1,0,0,0.0263
4.64,364,330.281,1,3,1,9,1,0,1,0.0146
4.64,360,94.7629,5,3,1,9,1,0,1,0.0699
4.66,366,331.058,1,3,1,9,1,0,1,0.0146
4.67,365,1531.21,4,3,0,2,1,0,0,0.027
4.68,368,331.836,1,3,1,9,1,0,1,0.0146
4.7,370,332.613,1,3,1,9,1,0,1,0.0146
4.72,371,333.391,1,3,1,9,1,0,1,0.0146
4.74,373,334.168,1,3,1,9,1,0,1,0.0146
4.74,369,98.6476,5,3,1,9,1,0,1,0.0699
4.76,374,1527.79,4,3,0,2,1,0,0,0.015
4.76,375,334.946,1,3,1,9,1,0,1,0.0146
4.77,372,284.817,2,3,1,9,1,0,0,0.0523
4.78,377,335.723,1,3,1,9,1,0,1,0.0146
4.8,379,336.501,1,3,1,9,1,0,1,0.0146
4.82,380,337.279,1,3,1,9,1,0,1,0.0146
4.84,382,338.056,1,3,1,9,1,0,1,0.0146
4.84,378,102.533,5,3,1,9,1,0,1,0.0699
4.85,381,284.817,2,3,1,9,1,0,0,0.0363
4.86,383,1523.71,4,3,1,9,1,0,0,0.02
4.86,384,338.834,1,3,1,9,1,0,1,0.0146
4.88,386,339.611,1,3,1,9,1,0,1,0.0146
4.9,388,340.389,1,3,1,9,1,0,1,0.0146
4.92,389,341.166,1,3,1,9,1,0,1,0.0146
4.94,391,341.944,1,3,1,9,1,0,1,0.0146
4.94,387,106.418,5,3,1,9,1,0,1,0.0699
4.95,392,1520.09,4,3,0,2,1,0,0,0.013
4.96,393,342.721,1,3,1,9,1,0,1,0.0146
4.98,395,343.499,1,3,1,9,1,0,1,0.0146
4.99,390,284.817,2,3,1,9,1,0,0,0.0773
5,397,344.276,1,3,1,9,1,0,1,0.0146
5.02,398,345.054,1,3,1,9,1,0,1,0.0146
5.04,400,345.832,1,3,1,9,1,0,1,0.0146
5.04,396,110.303,5,3,1,9,1,0,1,0.0699
5.05,401,1516.24,4,3,0,2,1,0,0,0.012
5.06,402,346.609,1,3,1,9,1,0,1,0.0146
5.08,404,347.387,1,3,1,9,1,0,1,0.0146
5.09,399,284.817,2,3,1,9,1,0,0,0.0733
5.1,406,348.164,1,3,1,9,1,0,1,0.0146
5.12,407,348.942,1,3,1,9,1,0,1,0.0146
5.14,409,349.719,1,3,1,9,1,0,1,0.0146
5.14,405,114.189,5,3,1,9,1,0,1,0.0699
5.16,411,350.497,1,3,1,9,1,0,1,0.0146
5.18,413,351.274,1,3,1,9,1,0,1,0.0146
5.2,410,1510.49,4,3,1,9,1,0,0,0.06
5.2,408,284.817,2,3,1,9,1,0,0,0.0853
5.2,415,352.052,1,3,1,9,1,0,1,0.0146
5.22,416,352.83,1,3,1,9,1,0,1,0.0146
5.24,418,353.607,1,3,1,9,1,0,1,0.0146
5.24,414,118.074,5,3,1,9,1,0,1,0.0699
5.26,420,354.385,1,3,1,9,1,0,1,0.0146
5.27,417,284.817,2,3,1,9,1,0,0,0.0563
5.28,422,355.162,1,3,1,9,1,0,1,0.0146
5.3,424,355.94,1,3,1,9,1,0,1,0.0146
5.31,419,1506.21,4,3,1,9,1,0,0,0.07
5.32,425,356.717,1,3,1,9,1,0,1,0.0146
5.33,427,357.067,1,3,1,9,1,0,0,0.0036
5.34,423,121.96,5,3,1,9,1,0,1,0.0699
5.35,429,357.845,1,3,1,9,1,0,1,0.0036
5.36,426,284.817,2,3,1,9,1,0,0,0.0383
5.37,431,358.622,1,3,1,9,1,0,1,0.0036
5.39,432,123.631,5,3,1,9,1,0,0,0.0129
5.39,433,359.4,1,3,1,9,1,0,1,0.0036
5.41,434,360.177,1,3,1,9,1,0,1,0.0036
5.43,436,360.955,1,3,1,9,1,0,1,0.0036
5.44,428,1501.23,4,3,1,9,1,0,0,0.098
5.45,437,1500.81,4,3,1,9,1,0,0,0.009
5.45,438,361.732,1,3,1,9,1,0,1,0.0036
5.47,440,362.51,1,3,1,9,1,0,1,0.0036
5.49,441,127.517,5,3,1,9,1,0,1,0.0129
5.49,442,363.288,1,3,1,9,1,0,1,0.0036
5.51,435,284.817,2,3,1,9,1,0,0,0.0933
5.51,443,364.065,1,3,1,9,1,0,1,0.0036
5.53,445,364.843,1,3,1,9,1,0,1,0.0036
5.55,447,365.62,1,3,1,9,1,0,1,0.0036
5.57,449,366.398,1,3,1,9,1,0,1,0.0036
5.59,450,131.403,5,3,1,9,1,0,1,0.0129
5.59,451,367.175,1,3,1,9,1,0,1,0.0036
5.6,446,1495.09,4,3,0,2,1,0,0,0.056
5.6,444,284.817,2,3,1,9,1,0,0,0.0843
5.61,452,367.953,1,3,1,9,1,0,1,0.0036
5.63,454,368.73,1,3,1,9,1,0,1,0.0036
5.65,456,369.508,1,3,1,9,1,0,1,0.0036
5.67,458,370.286,1,3,1,9,1,0,1,0.0036
5.69,455,1491.63,4,3,1,9,1,0,0,0.045
5.69,459,135.289,5,3,1,9,1,0,1,0.0129
5.69,460,371.063,1,3,1,9,1,0,1,0.0036
5.7,453,284.817,2,3,1,9,1,0,0,0.0873
5.71,461,371.841,1,3,1,9,1,0,1,0.0036
5.73,463,372.618,1,3,1,9,1,0,1,0.0036
5.75,465,373.396,1,3,1,9,1,0,1,0.0036
5.77,467,374.173,1,3,1,9,1,0,1,0.0036
5.78,464,1488.09,4,3,0,2,1,0,0,0.036
5.79,468,139.176,5,3,1,9,1,0,1,0.0129
5.79,469,374.951,1,3,1,9,1,0,1,0.0036
5.81,470,375.728,1,3,1,9,1,0,1,0.0036
5.81,462,284.817,2,3,1,9,1,0,0,0.0973
5.83,472,376.506,1,3,1,9,1,0,1,0.0036
5.85,474,377.284,1,3,1,9,1,0,1,0.0036
5.87,476,378.061,1,3,1,9,1,0,1,0.0036
5.88,473,1484.32,4,3,0,0,1,0,0,0.0331
5.89,477,143.062,5,3,1,9,1,0,1,0.0129
5.89,478,378.839,1,3,1,9,1,0,1,0.0036
5.9,471,284.817,2,3,1,9,1,0,0,0.0863
5.91,479,379.616,1,3,1,9,1,0,1,0.0036
5.93,481,380.394,1,3,1,9,1,0,1,0.0036
5.95,483,381.171,1,3,1,9,1,0,1,0.0036
5.97,480,284.817,2,3,1,9,1,0,0,0.0483
5.97,485,381.949,1,3,1,9,1,0,1,0.0036
5.99,486,146.949,5,3,1,9,1,0,1,0.0129
5.99,487,382.726,1,3,1,9,1,0,1,0.0036
6.01,488,383.504,1,3,1,9,1,0,1,0.0036
6.03,490,384.282,1,3,1,9,1,0,1,0.0036
